-3.630866973535040021e+08
-1.908571949824747801e+09
4.436472150901699662e+08
-1.684286025453897953e+09
1.190680973342709303e+09
2.038012818035254002e+09
1.110285930292280018e+08
-3.898263635845474005e+08
-5.266189054279714227e+08
3.813167486012544632e+08
1.075354096453937292e+09
1.217297730924865007e+09
2.565210875171992302e+09
3.835498022615448833e+08
1.830459309528866529e+09
-1.650731873175440431e+08
6.361463812897285461e+09
-1.085733664181874037e+09
2.035580775664596319e+09
4.537467568398040533e+08
4.984708758583815575e+09
-2.459322535973732471e+09
-1.762280918634086847e+09
-5.365479201590416908e+09
4.651137527089337707e+08
-1.507291004611694813e+08
-1.649876404576077223e+09
2.550555338188622475e+09
-2.379220445053678989e+09
-9.919501061160832644e+08
-1.769703576190878630e+09
-1.070641050099846482e+09
-2.416027176556346893e+09
5.880321019139708281e+08
3.481973072445126057e+09
4.918914592582861781e+08
-5.425252380687389374e+09
-5.518890628934239388e+09
-1.090200183177433968e+09
1.854000958347546101e+09
-5.133568472336278111e+07
-3.485613732569918036e+08
5.510007845137109756e+08
2.963000170481975079e+08
3.191053436670187473e+09
-9.163311295406339169e+08
-1.149202116727896690e+09
3.827390852315074205e+08
3.344604487809234142e+09
1.176173738896626472e+09
-1.781759660846162081e+09
3.416454230770411015e+09
2.222307140913747787e+09
2.446978276997516304e+07
1.897953535250020742e+09
-4.316247193828012943e+08
-1.401343860689748287e+09
4.607649083898149133e+08
-1.960576798095380306e+09
-1.737533011437434912e+09
-9.800002042274129391e+08
3.021974100694296360e+09
5.269728748446875811e+08
1.608940527438331604e+09
-1.405256745163419247e+09
3.422339088929311275e+09
-8.931800132724791765e+08
1.942609171221786737e+09
-1.917016789897094011e+09
-9.330559116234220266e+08
3.384800531489212513e+08
4.018696944982472062e+08
7.991681307462719679e+08
2.522881097965359211e+09
-1.109472149004767895e+09
-1.870059787551447392e+09
-1.041868719453228474e+09
2.851259269854989529e+09
4.558573832507676482e+08
-1.008023122328417897e+09
1.195169031211671352e+09
-1.329965286008312464e+09
-2.517616276573258877e+09
-1.023605486870582938e+09
-2.275377551145038605e+09
-7.026875866169016361e+08
-4.677892406113667488e+08
-9.206918869990483522e+08
-1.844827513524667263e+09
-1.906951981041800976e+09
-1.050223672569566488e+09
6.329203965641882896e+09
4.752165503558441401e+08
4.167822731903734207e+08
1.078478541518199921e+09
2.292828818317034721e+09
-4.374630554942933321e+08
2.046315664250867367e+09
4.464836090036696792e+08
1.361522342857170582e+09
-2.456834856266294003e+09
5.003965064675673842e+08
5.183118603212612271e+08
3.401254076234287024e+08
4.934377670850492120e+08
-1.214999966421872377e+09
-1.101783829385559320e+09
3.865851755591037869e+08
3.942532503254186511e+08
-4.595524116250187755e+08
5.402074330540608168e+08
9.507744444672769308e+08
-1.304510941022118926e+07
-1.490380004569885731e+09
1.362228491278466024e+07
2.028087173912676811e+09
2.541237164753659666e+08
4.351084784871882796e+08
9.346228191518708467e+08
6.839789846701585054e+08
4.824397704744350910e+08
4.541946619818643928e+08
-7.653163470174295902e+08
4.200289362341887951e+08
4.254031558713777661e+08
-6.419223664088296890e+08
-1.307616028900205851e+09
-1.716362439202153683e+09
4.951791247584216297e+07
1.043040996976768225e+08
5.154286821095120311e+08
-2.275938542356667519e+08
5.039879720752245188e+08
4.977317085147451609e+07
2.541237178191252947e+08
4.883315451821783781e+08
2.559727337891961098e+09
4.998787892271236777e+08
3.224297289411507845e+08
-6.693154664837397337e+08
4.942010586470504999e+08
-4.487261083767925501e+08
-1.266356640299146414e+09
4.200289509125148654e+08
4.215111507728629112e+08
2.706355466270633340e+08
5.074441012598739862e+08
7.231657970104484558e+08
3.255271251207540631e+08
5.001087903206278682e+08
4.831454496842379570e+08
4.882625551922883987e+08
1.548534727580949545e+09
3.174406106460837722e+08
-9.548249041783701181e+08
2.243790587192149639e+09
-1.388984105538715124e+09
-1.161489396693325043e+10
1.530093058339033842e+09
1.226490294664704323e+09
5.178607739442976117e+08
9.426293608685146272e+07
-4.820936805688588321e+07
1.038344742184374332e+09
-1.797466271872699261e+09
4.789855341088790298e+08
4.968434061596770287e+08
5.700049896649000645e+08
3.536740574310415983e+08
3.958795463978368640e+08
1.305361057803959608e+09
4.753604933392688036e+08
-8.475471508412928581e+08
1.893137529478446245e+09
5.535000581782790422e+08
-1.189379465478536606e+09
4.951792222203986347e+07
1.305889222072751522e+09
5.154500632913875580e+08
4.986251620889007449e+08
8.085205765795661211e+08
-1.699829505648526907e+09
2.035966291403525829e+09
-4.118205685654189438e+07
1.589094817683424234e+09
7.652803678347527981e+08
3.844388870563546419e+08
4.185466851956142187e+08
4.337254850421583056e+08
3.775384763337315917e+08
4.831454379755740762e+08
-4.118202193766560405e+07
4.951790074964182079e+07
6.303504903084914684e+08
-8.221756578425418139e+08
4.139197093906760812e+08
1.609447116720407009e+09
4.883315829550567269e+08
3.947677869425546378e+07
-3.362900411392438412e+07
-2.136837224811429381e+08
-2.536303422347054958e+09
5.525637356581484079e+08
5.533757934086942673e+08
5.671104447474148273e+08
3.562721489921656251e+08
-1.155862409788492203e+09
2.689257701263069153e+09
1.994025291530747652e+09
3.988603271709616184e+08
2.043841564069404125e+09
-2.108752748295653820e+09
1.260837587041852236e+09
8.647250523563814163e+08
4.066145030845509768e+08
-1.883086281002351522e+09
2.815628763251177788e+09
4.923716388632246017e+09
4.268071034838863611e+08
-3.328946968903422952e+08
6.512703618961366653e+09
-7.072439169318274260e+08
2.027485325769472837e+09
5.151931135278335214e+08
2.431782174143226624e+09
-1.158437601562593460e+10
-1.003032545544447541e+09
2.965285353922087193e+09
4.692265636344298720e+08
4.160666878465385437e+08
1.290266218361379147e+09
3.124032043682336330e+09
-1.137165520929956436e+10
2.183205311427348137e+09
-1.354595742065548182e+09
4.720117357282730937e+08
5.885544250960438251e+08
4.120902741639032960e+08
-9.430892892795392275e+08
3.389184956456418991e+09
-9.929682159386533499e+08
2.782734885722996235e+09
4.188030493409973383e+08
2.546739827128699780e+09
-2.317953998943759537e+10
-5.449685278074030876e+09
4.419789732372761369e+08
5.241700037738521099e+08
6.426230404279186249e+09
4.217729188178376555e+08
2.955767529972245216e+09
3.155177235048877597e+08
3.010371496406881809e+09
4.982577570195190310e+08
1.930129014201065779e+09
1.783024607774071455e+09
5.915303841771520674e+07
3.877867610183771849e+08
2.043018892413899183e+09
1.893975230932958841e+09
-1.156671669358750343e+09
3.368158437586183071e+09
-5.544339145843153954e+09
2.184524772963747025e+09
2.730895022863205910e+09
5.687531667006487846e+08
-1.245622884211994886e+09
3.396305210490367413e+09
-1.915253434426587582e+09
-1.841230625415771484e+09
-5.062565512296503782e+08
1.866707371371741533e+09
-9.678499413181805611e+08
8.500953080892584324e+08
9.655613585291032791e+08
1.089597584985660553e+09
-1.164801147248394728e+09
-1.680470331995654345e+09
4.901698651511223316e+08
5.377427450859863758e+08
5.062011546437608004e+08
1.889573090629411936e+09
3.003414843142834663e+09
4.733455717597050071e+08
2.635775936387382507e+09
2.810881660730370522e+09
4.666492841333718896e+08
1.902983604206157923e+09
-2.116017656037765443e+08
3.542379755898876667e+09
5.023452748998193741e+08
4.996147293729444146e+08
3.819854124068496227e+08
4.993014940406941175e+08
-1.024493383544042349e+09
-1.153318206927958679e+10
1.930657863463604689e+09
5.376469717653321028e+08
-1.156069674129512978e+10
4.319749604970034957e+08
-1.483928523344444752e+09
3.731842803711923361e+08
3.264047606248098612e+08
3.223514715131499767e+08
3.679737450794583559e+08
1.299272317076704502e+08
2.721666044743170261e+09
3.705790217814576030e+08
4.565366486880459785e+08
3.871949490207766891e+08
9.166414412074499130e+08
3.208924516075719833e+09
3.472372909251737118e+09
-5.850183922804423571e+08
1.956612212523006201e+09
-1.701979044219026089e+09
3.929392425726752877e+08
3.344604491391558170e+09
2.680540632158657074e+09
-1.172293315174050808e+09
4.132786038202724457e+08
-1.153592396226382065e+10
-2.282396488190695286e+09
4.718661595653844476e+08
5.239504210949090123e+08
-4.869441265493345261e+08
3.994120981196225286e+08
-7.635710794872804880e+08
4.911479952516004443e+08
3.643806562509077787e+08
2.897514340933325768e+09
5.409639466191117764e+08
-1.134527771795144272e+10
3.769474713583537936e+08
4.262534143002463579e+08
2.541237186830893159e+08
3.394051768905537605e+09
3.380479021770953655e+09
1.915642368513402343e+08
-4.702683365534119415e+10
3.574970074845746160e+08
2.722476752412643909e+09
2.695405089017126083e+09
2.541236916506482959e+08
3.543882502381868362e+08
4.307638663399909735e+08
3.214002154567080140e+08
3.327380816930540204e+08
3.377273731437603831e+08
1.867433097171245337e+09
5.250463914378766418e+08
4.419789276577766538e+08
-1.483258397679704189e+09
3.936649491547333598e+08
-1.663709094641421556e+09
2.025937649715443373e+09
-1.639350223300154209e+08
4.103497237036501169e+08
-9.895168230263582468e+08
1.476060888923589468e+09
1.988072654233346701e+09
3.873662777892965078e+08
4.161337549627027512e+08
-1.779686209895382404e+09
-2.390770217800920010e+08
4.092940207743885517e+08
5.329240931347913146e+08
3.534557503446199298e+08
-5.460086280845335007e+09
7.719780422589546442e+08
-2.560102811559778214e+09
3.696398994542924166e+08
-2.120609308350970447e+08
-9.475617332357094288e+08
4.703854587338831425e+08
-1.406494024363486528e+09
4.652731711342598796e+08
-9.319577861678029299e+08
2.682607653822010040e+09
5.023642459509360194e+08
4.916117495349676013e+08
1.328486741706545115e+09
-9.270241766608424187e+08
4.777945581774039865e+08
3.332173119419745445e+09
3.738899704703626633e+08
4.058821661979735494e+08
4.975024242098581791e+08
3.650106949067025781e+08
-2.597966395000751972e+09
3.947677549426261336e+07
-4.595509662654507756e+08
5.017321313341121674e+08
4.516842452602432966e+08
2.218002145961598873e+09
3.676771905394496918e+08
-6.396418650777548552e+08
6.342146811854859352e+09
3.836067439734095335e+08
-1.136240343980447197e+10
