-4.551212191581726074e-01
3.832625746726989746e-01
3.659885525703430176e-01
3.653047680854797363e-01
-9.172996133565902710e-02
1.745612360537052155e-02
-4.619933366775512695e-01
5.004448294639587402e-01
3.418804407119750977e-01
4.439026713371276855e-01
3.183507323265075684e-01
6.976429373025894165e-02
-1.204855144023895264e-01
1.136041507124900818e-01
-4.141473174095153809e-01
-1.260650902986526489e-01
4.958514571189880371e-01
4.613910317420959473e-01
2.848300337791442871e-01
-3.181940317153930664e-01
-3.002688288688659668e-01
-2.281085401773452759e-01
-1.054549366235733032e-01
-4.540579766035079956e-02
4.699938297271728516e-01
2.537529915571212769e-03
-4.657670855522155762e-03
-1.342400610446929932e-01
5.324749946594238281e-01
-3.934867084026336670e-01
