-1.379801392555236816e+00
4.400417208671569824e-03
-2.184318453073501587e-01
-4.493460804224014282e-02
-2.154475003480911255e-01
3.171560466289520264e-01
2.010203748941421509e-01
-1.803210079669952393e-01
-2.037353962659835815e-01
4.807160794734954834e-02
-6.532732397317886353e-02
1.673307269811630249e-05
7.850594073534011841e-02
2.456209063529968262e-01
2.009804248809814453e-01
1.716650091111660004e-02
-1.911402791738510132e-01
-1.890915632247924805e-01
-1.211126893758773804e-02
1.355805993080139160e-01
1.072476208209991455e-01
1.053134649991989136e-01
4.966121912002563477e-02
2.529491484165191650e-02
4.531196057796478271e-01
1.128461062908172607e-01
3.709045052528381348e-01
1.156023517251014709e-01
-1.681008040904998779e-01
7.357646524906158447e-02
1.101038008928298950e-01
-1.257733553647994995e-01
-1.639752984046936035e-01
3.290496766567230225e-01
1.899261958897113800e-02
3.809261322021484375e-02
-3.354527056217193604e-02
-1.530370265245437622e-01
-1.173400998115539551e+00
1.288836449384689331e-02
-1.436535865068435669e-01
3.120373189449310303e-01
5.202500522136688232e-02
2.412837147712707520e-01
-2.445658594369888306e-01
3.523051738739013672e-01
2.167169749736785889e-02
-1.259950250387191772e-01
9.646846354007720947e-02
1.867698505520820618e-02
-3.601222634315490723e-01
-6.215025782585144043e-01
-2.117078602313995361e-01
5.309064984321594238e-01
3.673261404037475586e-01
1.807192414999008179e-01
4.566000998020172119e-01
-1.590148061513900757e-01
1.220629513263702393e-01
8.109971880912780762e-02
3.495998978614807129e-01
7.095855474472045898e-02
3.421977162361145020e-02
-1.051909476518630981e-01
-2.406206578016281128e-01
2.794812992215156555e-02
9.693326056003570557e-02
1.505618393421173096e-01
-1.630224287509918213e-02
-9.800791740417480469e-02
2.575453370809555054e-02
3.887595534324645996e-01
4.328503459692001343e-02
2.749735414981842041e-01
9.187838435173034668e-02
2.729356884956359863e-01
-9.055393934249877930e-02
3.666478395462036133e-02
1.143703013658523560e-01
-7.915180921554565430e-02
-2.286684513092041016e-02
3.273219764232635498e-01
3.119729459285736084e-03
-9.899929165840148926e-02
-1.110847443342208862e-01
-1.029106229543685913e-01
-2.685708999633789062e-01
-1.467226892709732056e-01
2.997851073741912842e-01
1.730302333831787109e+00
-1.619481444358825684e-01
4.190415740013122559e-01
-1.332327425479888916e-01
9.141086041927337646e-02
4.053737223148345947e-01
2.884086966514587402e-02
1.436001807451248169e-01
-7.849164307117462158e-02
-6.929523348808288574e-01
3.656221926212310791e-02
-1.752871870994567871e-01
-7.036794722080230713e-02
-7.848560810089111328e-01
1.583846658468246460e-01
-1.838246881961822510e-01
2.117020785808563232e-01
8.704493045806884766e-01
-1.807746887207031250e-01
-1.782780587673187256e-01
4.738291501998901367e-01
4.454854130744934082e-01
-1.829743683338165283e-01
-5.526110529899597168e-03
1.599841862916946411e-01
1.598235368728637695e-01
3.171728253364562988e-01
1.144029125571250916e-01
-7.712785601615905762e-01
1.629626452922821045e-01
-1.850165575742721558e-01
1.296329200267791748e-01
3.846117556095123291e-01
-6.254535913467407227e-02
3.315568864345550537e-01
7.748373150825500488e-01
1.386470496654510498e-01
4.075273871421813965e-02
-9.425747394561767578e-02
-1.492878794670104980e-01
1.028099060058593750e-01
-1.040308028459548950e-01
1.011167690157890320e-01
3.778398036956787109e-01
-1.286413371562957764e-01
-5.615967512130737305e-02
3.299509882926940918e-01
-1.095059216022491455e-01
-1.824053078889846802e-01
4.159104079008102417e-02
-1.498398184776306152e-01
3.481440544128417969e-01
-9.757807850837707520e-02
4.963983297348022461e-01
4.473016858100891113e-01
-2.791614830493927002e-01
3.907572627067565918e-01
1.200964972376823425e-01
1.872155368328094482e-01
1.998310387134552002e-01
3.340262174606323242e-01
-1.401412636041641235e-01
1.331843435764312744e-01
-1.261391937732696533e-01
-1.861999481916427612e-01
-2.241943776607513428e-01
2.487532496452331543e-01
-2.534416317939758301e-02
3.885592222213745117e-01
-1.396142244338989258e-01
1.099455356597900391e-01
-4.108722507953643799e-02
-1.456770449876785278e-01
-8.141106963157653809e-01
-1.829697191715240479e-01
-1.414147168397903442e-01
3.296270966529846191e-03
-1.503886878490447998e-01
-2.385123074054718018e-02
-1.164263129234313965e+00
-1.397673487663269043e-01
1.223003566265106201e-01
4.854436218738555908e-02
-5.839180946350097656e-02
4.413314163684844971e-01
1.054391786456108093e-01
-1.313646435737609863e-01
3.753910660743713379e-01
-1.599323749542236328e-01
-1.384404152631759644e-01
2.916473150253295898e-02
1.554045975208282471e-01
1.231074482202529907e-01
-1.451696455478668213e-01
-2.004576474428176880e-01
-5.488589406013488770e-03
3.763777017593383789e-01
1.853317022323608398e-03
-5.355174541473388672e-01
2.269485890865325928e-01
5.191704034805297852e-01
2.654613852500915527e-01
7.755637168884277344e-03
3.512859344482421875e-03
4.905790090560913086e-01
1.539001613855361938e-01
4.657664895057678223e-01
4.346889853477478027e-01
-2.490282058715820312e-02
-1.252076029777526855e-02
2.647457420825958252e-01
-1.346603482961654663e-01
-1.232739537954330444e-01
-9.560331702232360840e-02
-2.680204808712005615e-02
-5.703040957450866699e-02
8.115948736667633057e-02
-1.351169049739837646e-01
3.943637013435363770e-03
-1.958268880844116211e-02
-1.000688076019287109e-01
1.723191887140274048e-01
1.372900605201721191e+00
1.743706166744232178e-01
2.996192872524261475e-02
-2.258350998163223267e-01
2.356938123703002930e-01
1.604580134153366089e-01
4.890917539596557617e-01
1.567305624485015869e-02
1.496261507272720337e-01
4.883599281311035156e-01
1.784784346818923950e-01
-5.944506824016571045e-02
4.084698557853698730e-01
1.870501488447189331e-01
2.534656524658203125e-01
-1.093178093433380127e-01
-7.518087327480316162e-02
4.883983731269836426e-02
-1.400327980518341064e-01
1.205584704875946045e-01
-2.367640435695648193e-01
1.760983467102050781e-01
2.363361716270446777e-01
-9.469689428806304932e-02
3.097112476825714111e-02
4.094816744327545166e-01
4.760335683822631836e-01
-1.340794116258621216e-01
2.508670687675476074e-01
-9.977608919143676758e-02
1.575181484222412109e-01
-5.737277865409851074e-01
3.772054612636566162e-02
2.382878512144088745e-01
-8.117869496345520020e-03
5.163397789001464844e-01
-8.991679549217224121e-02
-1.909230649471282959e-02
1.248727738857269287e-02
7.161180675029754639e-02
4.764071106910705566e-02
4.961776137351989746e-01
-4.639153182506561279e-02
-7.714912295341491699e-02
2.387224137783050537e-02
-8.797004818916320801e-02
8.160743117332458496e-01
1.155195593833923340e+00
2.094473093748092651e-01
2.881278395652770996e-01
5.095729231834411621e-01
2.526053488254547119e-01
1.368898272514343262e+00
-7.995280623435974121e-02
2.165272384881973267e-01
6.663401424884796143e-02
6.171174347400665283e-02
2.927885651588439941e-01
-1.452913284301757812e-01
6.457665562629699707e-02
-6.360089778900146484e-02
1.636225879192352295e-01
5.653825998306274414e-01
2.986410856246948242e-01
-5.849853157997131348e-02
-7.172894477844238281e-02
1.628714501857757568e-01
1.475645750761032104e-01
3.117048442363739014e-01
7.621195912361145020e-02
-5.515398085117340088e-02
3.001536428928375244e-01
-3.028933703899383545e-02
1.076644957065582275e-01
5.463718175888061523e-01
3.619199097156524658e-01
8.848626911640167236e-02
1.052020341157913208e-01
2.684177756309509277e-01
2.928912639617919922e-01
1.320519298315048218e-01
2.437197417020797729e-01
5.850173234939575195e-01
2.431120723485946655e-01
-6.906884908676147461e-02
3.325008451938629150e-01
1.027613580226898193e-01
6.900854408740997314e-02
-6.850712001323699951e-02
-9.860388934612274170e-02
5.834658145904541016e-01
1.432191580533981323e-01
-8.049115538597106934e-02
3.391024470329284668e-01
2.015060037374496460e-01
9.896375238895416260e-02
8.210670948028564453e-02
1.135116815567016602e-01
2.335953712463378906e-01
2.329663038253784180e-01
5.838119983673095703e-02
2.550536990165710449e-01
-1.673957705497741699e-02
1.293983608484268188e-01
3.059797286987304688e-01
4.857349991798400879e-01
-3.268268704414367676e-02
4.940495491027832031e-01
-5.324897170066833496e-02
4.865145087242126465e-01
9.491124749183654785e-02
1.020512282848358154e-01
2.057918459177017212e-01
5.028034746646881104e-02
-1.812577247619628906e-02
5.162943601608276367e-01
3.929396569728851318e-01
7.592432200908660889e-02
2.559650540351867676e-01
2.801360785961151123e-01
3.556284606456756592e-01
3.962646722793579102e-01
1.329247057437896729e-01
8.358874917030334473e-02
7.864555716514587402e-02
2.214277088642120361e-01
5.523741841316223145e-01
3.091323077678680420e-01
3.107935190200805664e-03
1.302985846996307373e-01
6.001671552658081055e-01
1.191999614238739014e-01
5.221686363220214844e-01
5.735596418380737305e-01
6.272827386856079102e-01
2.871817946434020996e-01
7.140322923660278320e-01
1.537207067012786865e-01
1.377972960472106934e-01
5.335966348648071289e-01
2.883040904998779297e-01
1.673887521028518677e-01
1.743644773960113525e-01
-3.964865207672119141e-02
1.113243401050567627e-01
2.218830287456512451e-01
-3.054749965667724609e-02
1.566476821899414062e-01
-6.208419799804687500e-04
2.886506319046020508e-01
1.679261624813079834e-01
1.679261624813079834e-01
-5.578070878982543945e-02
1.681249588727951050e-01
3.191418349742889404e-01
-2.180600166320800781e-02
1.480757892131805420e-01
5.212030410766601562e-01
3.071934282779693604e-01
-1.407247781753540039e-02
3.812898993492126465e-01
-1.576778292655944824e-02
1.916387826204299927e-01
1.861379146575927734e-01
3.366363346576690674e-01
2.252277731895446777e-01
4.189991056919097900e-01
2.178630232810974121e-02
1.226774752140045166e-01
1.990298777818679810e-01
1.990298777818679810e-01
-1.197762608528137207e+00
1.675573736429214478e-01
1.395427584648132324e-01
3.933244943618774414e-01
-5.694508552551269531e-03
3.514659404754638672e-01
8.993721008300781250e-02
1.117710322141647339e-01
-4.975759983062744141e-02
1.409350037574768066e-01
1.409350037574768066e-01
2.082827985286712646e-01
1.468048095703125000e-01
8.491516113281250000e-03
1.334898024797439575e-01
3.995466232299804688e-01
5.915505886077880859e-01
2.623474001884460449e-01
1.088219881057739258e-01
3.702646493911743164e-02
1.217170506715774536e-01
4.425139427185058594e-01
-2.890300750732421875e-02
-7.931232452392578125e-03
2.745442092418670654e-01
3.468947708606719971e-01
-6.294545531272888184e-02
2.125836759805679321e-01
1.725865304470062256e-01
1.455953717231750488e-02
4.104446172714233398e-01
2.133282274007797241e-01
3.414252400398254395e-02
2.345511317253112793e-02
-1.876175403594970703e-03
1.552268862724304199e-02
3.471557199954986572e-01
3.802452385425567627e-01
2.855417132377624512e-01
3.222243785858154297e-01
-1.397678256034851074e-02
1.615330874919891357e-01
3.588530421257019043e-01
3.353970646858215332e-01
-8.378624916076660156e-04
4.676330089569091797e-01
4.743075370788574219e-02
3.042866587638854980e-01
4.010916948318481445e-01
4.245927929878234863e-02
1.256646513938903809e-01
2.205847352743148804e-01
4.380265772342681885e-01
1.785325706005096436e-01
2.203564643859863281e-01
2.199164927005767822e-01
4.885200262069702148e-01
9.576016068458557129e-01
3.032156229019165039e-01
2.255629301071166992e-01
3.971187174320220947e-01
2.024695277214050293e-01
3.432097434997558594e-01
2.419253885746002197e-01
3.843305408954620361e-01
2.426563650369644165e-01
6.073927283287048340e-01
1.770976185798645020e-02
3.745388984680175781e-02
4.541645646095275879e-01
1.956271231174468994e-01
2.077259123325347900e-01
1.689448654651641846e-01
5.194126963615417480e-01
2.647632360458374023e-02
2.390699982643127441e-01
3.673863410949707031e-02
5.883100628852844238e-02
7.900673151016235352e-02
2.455575317144393921e-01
2.481990605592727661e-01
2.473342418670654297e-02
2.775420546531677246e-01
2.775420546531677246e-01
6.064513325691223145e-02
3.764216899871826172e-01
1.881123781204223633e-01
1.275420665740966797e+00
9.593364596366882324e-02
2.493766695261001587e-01
6.559793949127197266e-01
2.692816853523254395e-01
2.677407562732696533e-01
2.102188766002655029e-01
4.466760158538818359e-01
3.821381628513336182e-01
8.393862843513488770e-02
2.861131131649017334e-01
1.555793434381484985e-01
2.264385074377059937e-01
2.613657116889953613e-01
2.486653625965118408e-01
2.340895235538482666e-01
2.023484706878662109e-01
2.199244201183319092e-01
2.449814379215240479e-01
1.830232143402099609e-01
3.040603995323181152e-01
2.543264329433441162e-01
2.543264329433441162e-01
1.860041618347167969e-01
3.503618538379669189e-01
2.336204797029495239e-01
4.211043417453765869e-01
2.890604138374328613e-01
3.698272705078125000e-01
7.474820613861083984e-01
3.031487166881561279e-01
5.059214830398559570e-01
3.653702139854431152e-01
3.721049427986145020e-01
4.764298200607299805e-01
4.505974352359771729e-01
9.706439375877380371e-01
2.422229498624801636e-01
4.830786585807800293e-01
2.793061733245849609e-01
3.520992398262023926e-01
4.683372378349304199e-02
2.744791507720947266e-01
2.295546829700469971e-01
2.540994286537170410e-01
4.055092334747314453e-01
4.655521810054779053e-01
4.833280742168426514e-01
4.871245026588439941e-01
4.715321958065032959e-01
7.345965504646301270e-02
1.251835823059082031e-01
6.566908955574035645e-01
2.601170837879180908e-01
5.398489236831665039e-01
9.263378381729125977e-02
3.109524846076965332e-01
2.275746911764144897e-01
7.139554023742675781e-01
3.093559741973876953e-01
4.911287128925323486e-01
4.244260191917419434e-01
1.297711431980133057e-01
5.228343009948730469e-01
1.009773015975952148e-01
3.299087285995483398e-01
6.836766004562377930e-01
8.072501420974731445e-02
4.943377673625946045e-01
2.780064344406127930e-01
4.811707437038421631e-01
5.010002851486206055e-01
2.870642542839050293e-01
1.681572198867797852e-02
8.311375975608825684e-02
-5.807504057884216309e-02
2.117228806018829346e-01
3.247492015361785889e-01
2.534309029579162598e-01
3.351830840110778809e-01
3.260340392589569092e-01
4.754884839057922363e-01
3.624312281608581543e-01
4.371930956840515137e-01
2.211478650569915771e-01
3.161453902721405029e-01
7.054427862167358398e-01
2.904945015907287598e-01
3.264738619327545166e-01
2.514260411262512207e-01
1.425556540489196777e+00
2.304241955280303955e-01
2.750121951103210449e-01
5.278079509735107422e-01
3.217607736587524414e-01
2.702734470367431641e-01
2.319661080837249756e-01
4.922287762165069580e-01
3.169121742248535156e-01
1.267029404640197754e+00
4.422658979892730713e-01
3.643044829368591309e-01
4.773637652397155762e-01
1.166903078556060791e-01
2.762840688228607178e-01
7.157636880874633789e-01
3.648304045200347900e-01
1.895721554756164551e-01
-6.448035240173339844e-01
1.148656904697418213e-01
7.331267595291137695e-01
4.064119160175323486e-01
5.430314540863037109e-01
4.974871277809143066e-01
1.435224115848541260e-01
4.573812484741210938e-01
3.165795505046844482e-01
8.746543526649475098e-02
4.591647386550903320e-01
1.116451323032379150e-01
4.143073558807373047e-01
5.555909872055053711e-01
2.504354417324066162e-01
1.033910393714904785e+00
3.491745293140411377e-01
7.679079771041870117e-01
5.646035671234130859e-01
1.005200445652008057e-01
1.383149921894073486e-01
3.325635790824890137e-01
3.261803388595581055e-01
3.261803388595581055e-01
3.168564438819885254e-01
2.521775960922241211e-01
1.098749935626983643e-01
1.307570040225982666e-01
5.691335797309875488e-01
3.698541522026062012e-01
5.055214166641235352e-01
3.230798840522766113e-01
3.537321686744689941e-01
5.337588787078857422e-01
3.676442503929138184e-01
3.148989677429199219e-01
7.310543060302734375e-01
3.629516959190368652e-01
3.386735022068023682e-01
5.255396962165832520e-01
3.305192291736602783e-01
3.627189099788665771e-01
5.507035255432128906e-01
3.342484831809997559e-01
3.469274938106536865e-01
7.032158970832824707e-02
9.026265144348144531e-01
1.377209722995758057e-01
3.820312023162841797e-01
5.968011021614074707e-01
3.633157014846801758e-01
3.763986229896545410e-01
4.416717588901519775e-01
2.630818784236907959e-01
4.201697707176208496e-01
