1.507276813577285968e+06
-3.182100756427983924e+03
-1.063335153392743523e+05
-1.764883994598972322e+03
-4.195397142870137941e+03
-1.671701684444812827e+03
-7.630239448059105780e+04
-3.036549937142477938e+04
1.918324091928810958e+04
-6.146077827390787206e+03
-3.348118058022800597e+03
6.811544984361705701e+02
-3.069455120920000627e+04
4.159548492999881091e+03
2.052032063477408519e+04
-5.824531075260322723e+03
-6.761199297525679867e+04
9.703664529816257982e+02
2.610848933633029446e+04
2.442146973016953052e+04
-9.143609216644022126e+02
-2.984464539753418285e+04
-3.297371809896494142e+03
-8.493714549925909978e+02
3.595273968822696133e+03
-7.084164454834656226e+02
4.985696358970863912e+03
6.132355958810369884e+03
-5.156251421662596113e+04
6.407450123080935555e+03
-3.426234132245332603e+03
8.695353986006109608e+02
-1.053245357667423086e+05
-2.883190127299799133e+04
2.531411860503425942e+03
-2.700999208950352840e+04
9.703664529816257982e+02
-4.180140328379025050e+03
-2.106589966212957279e+03
1.253016619334639927e+03
-7.084164454834656226e+02
-3.766351855652946057e+01
1.301802982894171464e+03
7.463745439933371017e+03
5.254524282586017847e+01
-3.193289663474791087e+04
-6.874801633773032336e+03
-5.778043552042433475e+03
-3.193567206724711923e+03
-1.258567819439738059e+03
2.356559185108586917e+03
-3.036062165015257051e+04
-4.969703428686651750e+04
-4.740837838919655769e+04
-1.063335153391597996e+05
-6.015012215222583336e+02
-1.043685921286075463e+05
-1.631519874977978589e+03
2.613286654756430653e+04
-4.094639816798412994e+03
-1.389602835064987119e+02
-3.183554992403357392e+04
7.103151374011245025e+03
4.733288002082011189e+03
1.332525425852581393e+05
-2.134099591453158155e+03
-7.591626936102377385e+02
-1.764883994600434789e+03
-1.764883994600434789e+03
-1.764883994600434789e+03
-8.155288309355519596e+04
-4.180140328379025050e+03
-2.053192014595091223e+03
4.924857052843552083e+04
-4.911606748950356268e+04
5.782746216454935251e+01
-8.849526404567868667e+03
-5.483555466736976996e+03
-2.106589966212957279e+03
-8.141951897393281979e+04
2.423627986010947279e+04
-1.573844178837023037e+03
-3.824138324202254353e+03
1.501627606086637570e+04
9.246870744955368764e+02
-7.591626936102377385e+02
4.924857052843552083e+04
3.269098175925677879e+03
2.423627986010947279e+04
-2.631986826102145187e+03
1.229594617094352316e+03
5.760845993723941319e+03
7.825011259748734301e+04
-4.847582193124687365e+03
-2.383705692780820300e+03
-4.529041591311963202e+03
-5.303851688533261949e+03
7.733251216858141106e+02
8.191782208786766569e+04
2.531411860503425942e+03
