-3.122811802158093546e+06
-1.259831945643605286e+04
3.440881287873674410e+03
8.379460706751546240e+03
9.675539835385349579e+04
8.407265155821816006e+04
4.614815908414548176e+04
4.737866579943637043e+04
1.104965996006475616e+05
9.556671669131203089e+04
3.989948220573503204e+04
9.179592683985989424e+04
4.428088572273683531e+04
1.416636184046297567e+05
9.556671669131072122e+04
4.611887541111604514e+04
2.321859148634189842e+04
8.551343471497099381e+04
3.962982818972503446e+04
4.747017583823888708e+04
3.656588308610350214e+04
4.368771878604756057e+04
4.398751064140177186e+04
1.056390212775836699e+04
6.350968096254843658e+03
4.611887541111598694e+04
1.133271951622070337e+05
7.179682048946690884e+03
-3.625633525591731450e+04
4.202098112718581251e+04
9.376700087322272884e+04
4.456355277907571144e+04
1.575795545267453999e+05
2.797726071972618811e+05
-1.745400662936612207e+04
3.606455779206857551e+04
1.046865905858119368e+04
4.803129143549391301e+03
4.177134116124925640e+04
1.163420594790852920e+04
-3.990528103451395145e+04
4.153301203920930129e+04
3.357295981249755278e+04
8.587457709216502553e+04
8.018650621590155060e+04
3.738991586818353244e+04
4.599407342087951110e+04
1.132443936724471569e+05
4.638289864290101832e+04
1.554927085792662401e+05
3.421108636385920818e+03
3.859194676617772075e+03
4.713507663796965062e+04
-7.403904042537939677e+04
4.398751064140177186e+04
6.033248708174942294e+03
4.678813714094695024e+04
1.099256709786730935e+05
4.034053480027268961e+04
1.257482367760215711e+05
4.611887541111598694e+04
4.063204927223143022e+04
9.384239649155313964e+04
-4.286171491608374345e+04
4.672219455970649869e+04
1.283043584570805106e+05
4.611887541111598694e+04
8.442761891487817047e+04
1.193904931482084503e+05
8.209819778071116889e+04
6.830672293812863063e+04
5.720482617922722966e+03
4.554599287541847298e+04
3.903471090076998371e+04
2.227796088890464671e+04
4.611887541111598694e+04
4.434348932946790592e+04
3.972408033039162547e+04
5.316496597792203829e+04
4.177134116124925640e+04
4.209699689068266161e+04
4.493078034587502043e+04
4.525877847461489000e+04
1.106651726917468914e+05
3.883915039170871751e+04
-1.057519583135875728e+05
3.676764644882186985e+04
4.034053480027268961e+04
4.517886190629834164e+04
3.825473379121293692e+04
8.896679856278200168e+04
1.268088473776579049e+05
1.364054930488941318e+04
9.866247521115420386e+04
9.027784561851128819e+04
4.547738891402299487e+04
-2.430742349356225532e+04
1.234129148545021744e+05
4.205855556205286848e+04
-7.588597694049908023e+04
