3.215736817533561494e+06
3.262457217558974662e+03
1.769839112407188441e+04
1.529040573473710538e+03
2.938548476461472455e+04
3.046956970652248856e+03
-5.797687905044535910e+03
4.121966020386320452e+03
6.155909737410755042e+03
3.719878371976385097e+03
6.115532421938110929e+03
2.502573101378384308e+03
3.262457281037732173e+03
-2.740630826863541370e+04
4.386010353577311434e+03
3.492167004110688140e+03
4.125102947656870128e+03
6.115532421937405161e+03
4.489362144974609691e+03
3.641936380331706459e+03
4.597616024761209701e+03
-1.015743599447258202e+04
-4.296365444934224797e+04
-8.363042716765151999e+04
1.697366704309021316e+03
-4.176969968266283831e+04
-1.139605135711108960e+04
-4.599363982028706960e+04
2.607314242150972859e+03
3.805915169236915972e+03
-1.047267420086920538e+04
4.321569593766605976e+03
1.984115491388160081e+04
2.058640112340758424e+04
3.813480447857862600e+03
7.617354818289696595e+03
2.032962828925557915e+04
4.384395642262261390e+03
2.056291075330776948e+03
-1.044033665732350710e+04
3.046956970648800052e+03
4.540092738977228146e+04
-9.210498527128833302e+03
-1.355809697274432619e+04
-1.298577818727697922e+04
-1.210989634966240192e+04
3.719878371976799826e+03
2.341379457377935523e+03
2.842591270188258932e+03
-2.776136970793874571e+04
1.935138353346928852e+04
3.046956970648800052e+03
1.913459452165297625e+04
5.854624295132543011e+03
4.461058208123595250e+03
3.805915169236915972e+03
-4.446059286586903181e+04
1.246476253934448323e+03
-1.089717188622481808e+04
-1.036595202949091254e+04
4.825817630347161321e+04
3.917447963741800777e+03
3.641936380331706459e+03
2.135430498278260711e+04
-3.049765853178445468e+04
3.778982156582675088e+03
-1.631160033153686527e+03
-2.303300771722588615e+04
3.046956970648800052e+03
1.440224530269032130e+03
2.711434114217478054e+03
-1.264679315133182899e+04
-9.982690290886366711e+03
-2.805135881307582531e+04
-7.140163586913444306e+03
6.298146242186687596e+04
2.132977770053570202e+04
4.461058208123595250e+03
6.574220945660634243e+03
7.434698067990155323e+03
5.718081036638785008e+03
-1.345603919516708447e+04
1.777214406934188810e+04
4.111614671024119161e+03
-1.962763601004868906e+04
1.618646702040070522e+03
1.904417677334558175e+04
2.441703197205908873e+04
2.344750801628176487e+04
-3.770515010161845566e+04
2.505606986618298833e+03
4.120682786821435002e+04
-6.956060020247172361e+03
5.190815696198867045e+03
-1.003845668813881275e+04
-5.500437746880782652e+04
5.200239689063262631e+03
2.607314242150972859e+03
2.366941265811841731e+03
3.052524275612955535e+03
-4.218956569351224607e+04
-1.026716723360838296e+04
3.108905265506266005e+03
3.805915169236915972e+03
3.239005637954659323e+04
2.627090959799392294e+03
3.046956970648800052e+03
3.813480447857862600e+03
-4.143060749492415198e+04
-2.732080099836783120e+04
1.152942560526342277e+03
1.439319832418980150e+04
3.641936380331706459e+03
2.786508778478080785e+03
2.284631737681924278e+04
6.836022161985094499e+03
7.661968226471513844e+03
6.579274772263026534e+03
2.057994858778597336e+04
6.253906722945867659e+04
3.048877734936361230e+04
4.702886534018198290e+03
-1.278766103689711235e+04
2.417991812183518050e+03
4.932421663078413258e+04
9.642901178980574741e+02
-1.631160033153686527e+03
3.286753589241972077e+04
1.113145018980500481e+03
3.805915169236915972e+03
4.270901538796995737e+03
5.367211158364906623e+03
-8.473247350129189726e+04
3.719878371976799826e+03
-1.049599072650831295e+04
4.749379808097991918e+04
3.046956970648800052e+03
2.935576532326445886e+03
3.046956970648800052e+03
2.417991812183518050e+03
