-1.676882894297215971e+05
-4.969395405161896520e+02
-4.177767711348078024e+02
-2.589833671610938836e+03
-5.176298228128737264e+02
-4.806572008900614037e+02
-5.182171189248394967e+02
-4.662956723144349667e+02
-4.317590698120115462e+02
-5.501681997677219442e+02
-3.915551241547754557e+02
-4.615003963962518014e+02
-4.852304079555139538e+02
1.764284055081165434e+03
-4.852304079552179132e+02
-4.732674839144685279e+02
-4.880113335202556186e+02
-4.852304079557390537e+02
1.721493777642637042e+03
-4.988904634022944720e+02
-4.760484094789973710e+02
-4.450026337328462773e+02
-4.996851581239718030e+02
-2.544857232465893958e+03
-4.320128980378362371e+02
-4.298706040770472896e+02
-5.294369272006927076e+02
-4.734128876060814264e+02
-4.605680385204152003e+02
-2.460113316308896174e+03
-4.649052095332028216e+02
-4.686039325090900434e+02
-4.732674839144812609e+02
-4.722771343360865899e+02
-4.859987818360083907e+02
-4.656686263692460557e+02
-4.961030050415854475e+02
-4.483554038563836457e+02
-4.274389900093300980e+02
-5.191939032461928036e+02
-4.781316822439259226e+02
-4.662956723154631504e+02
-4.760677472201841169e+02
-4.163139700656315085e+02
-5.346028524996488613e+02
-4.852304079557390537e+02
-4.633648393208855509e+02
-4.495765417613465047e+02
-4.618061997780496881e+02
-5.157853629405125275e+02
-5.216585253835550020e+02
-5.168200071021913118e+02
-4.836238715828068848e+02
-4.662956723154631504e+02
-4.605680385204152003e+02
-2.494800908341650938e+03
-4.852304079557390537e+02
-4.614755676769288470e+02
-4.058326943960568656e+02
-2.618310373491631253e+03
-4.312815306290389685e+02
-4.852304079557390537e+02
-4.806522834745624095e+03
-4.144881228675453144e+02
-4.365463944952022644e+02
-5.088464287444632532e+02
-4.200499739965798085e+02
-4.466492678073420279e+02
-3.969827578678672921e+02
-4.345206044631522104e+02
-5.243590717000055292e+02
-4.796509250498399410e+02
-4.216828277759781827e+02
-4.618061997780496881e+02
-4.842400583773421090e+02
-3.966736771044720626e+02
-4.163139700656315085e+02
-4.541475869454438907e+02
-4.638541120026806652e+02
-2.592859240948554998e+03
-4.852304079557390537e+02
-5.131910583111487085e+02
-5.933652613408878551e+02
-5.222799227650514240e+02
-4.303862625022227917e+02
-4.263728379915250457e+02
-4.852304079557390537e+02
-4.729177264738587496e+02
-4.028603674545897775e+02
-2.571729007849632580e+03
-4.540775204479234048e+02
-5.060888188090864901e+02
-4.662956723154631504e+02
-4.885601381802654828e+02
-4.481808931464276498e+02
-4.852304079557390537e+02
-4.445101314278496147e+02
-5.076582500086907999e+02
1.777241039764188599e+03
-4.802779709960556715e+02
-4.006400416028422455e+02
-4.982223570579369039e+02
-4.658324543510057651e+02
-4.969395037714118075e+02
-4.144881228675453144e+02
-2.618253935569429359e+03
-4.424142627196543458e+02
-4.845666903685284410e+02
-5.708045583996013193e+02
-4.261972186832221610e+02
-5.697310210294889430e+02
-2.592859240948554998e+03
-4.360012843725849621e+02
-4.662956723154631504e+02
-4.852304079557390537e+02
-4.582948356554922498e+02
-5.137855484384047031e+02
-4.852304079557390537e+02
-5.032887955111004885e+02
-4.852652462792692063e+02
-4.732506525138757638e+02
-4.722771343360865899e+02
-4.852304079557390537e+02
-4.852304079557390537e+02
-4.420301733615198714e+02
-4.979685288323600503e+02
-3.969827578678672921e+02
1.795099217068972166e+03
-3.831501538257797961e+02
-5.104391755732064553e+02
-4.674181727663105335e+02
-4.092172995912439433e+02
-3.651326305293334258e+02
-4.261972186832221610e+02
-4.678324834871633016e+02
-2.631794009870698119e+03
-4.444251741092697898e+02
-4.526501641045812789e+02
-4.687441040442160443e+02
-5.280646922985901028e+02
