5.394443664117344655e+06
-7.996080838498249250e+03
-8.415248250778198417e+04
-8.386514624852729321e+04
-8.600983005923173914e+04
-1.820596535926162906e+05
2.145813641233151429e+04
-2.277323437505169131e+05
-5.029372709787746135e+04
-3.165710775672721211e+05
-7.565744595395900251e+04
4.548354266109733726e+04
4.803110688970607589e+04
-8.016913719540396414e+04
-4.013990186368906870e+05
-9.249382178218620538e+04
2.167720903234019061e+05
-3.045315127519253292e+05
2.167720903234019061e+05
-9.942602964561041154e+04
-6.614645190705706773e+04
-1.933040742531129126e+03
-7.350686436514936213e+04
-2.717446955369748757e+05
1.337310733693511283e+05
-4.145298710556391161e+05
-9.151908823635637236e+04
-7.394332622928688943e+04
1.317337141082756862e+05
-7.859271165586750431e+04
2.619912909209333975e+03
1.253518822023666580e+05
-7.808033898691395007e+04
-1.964533162292119523e+05
1.525829996911916824e+05
-6.984014461170148570e+04
-7.257141592145613686e+04
2.260095703008969722e+05
1.415710291711725586e+05
-8.415248250780873059e+04
-1.124228678086162108e+05
-8.007676062584736792e+04
-9.675502094336588925e+04
-7.986358867382501194e+04
-7.808033898691395007e+04
-5.197872483716229181e+04
-1.323692307166706596e+05
1.457212240970669372e+05
-6.853168478916218737e+04
2.447482444374555780e+05
-1.792863023122778686e+05
-1.021378752951936185e+05
-2.860518498524963506e+05
-8.708159711889275059e+04
-1.117424339105820545e+05
-2.866994705438146484e+05
-5.187114777184629347e+05
-7.527769670787132054e+04
-1.239714269147451996e+05
1.436021599608755787e+05
-8.386514624848483072e+04
-8.415248250780873059e+04
-7.664713780341700476e+04
-2.681814337346875691e+05
-1.008066716120776982e+05
1.227176118023729214e+05
-1.008066716120776982e+05
2.473226375930304348e+05
-8.415248250780873059e+04
2.365343597470191889e+04
-8.415248250780873059e+04
9.535750777716431185e+04
-8.542515644307908951e+04
-8.709342149724894261e+04
-2.018938172182559210e+05
-8.415248250780873059e+04
2.039881840631780506e+04
-8.263329263865439862e+04
-4.242344890166855766e+05
-1.827737002817954926e+05
4.005068420754840190e+04
-1.135573002888080518e+05
-1.851008753393272345e+05
2.474302573240744823e+05
-7.849627988102727977e+04
-9.701828598944052646e+04
3.481722805581248249e+05
-7.600103874388635450e+04
-5.941395509399950242e+04
-7.664713780341700476e+04
-9.357903669997239194e+04
-9.278722358397750941e+04
-8.386514624848483072e+04
-6.635383922883156629e+04
-1.860343744550846459e+05
-9.115731900085388042e+04
-9.370949386526444869e+04
-9.097221156914504536e+04
1.131734105214665578e+04
-8.263329263865439862e+04
-6.126782728679121647e+04
2.187197568095737370e+05
-2.824105767098310753e+05
1.341408773644051398e+05
1.226611331882629311e+05
-4.318639045341547171e+04
-9.058538424862471584e+04
-2.974005660267099738e+05
-2.716296771740928525e+05
-8.988107258056993305e+04
-5.795550033368715231e+04
-3.032199427481419407e+05
-8.995615296585949545e+04
1.289926110788519582e+05
-5.004247038850243553e+05
-7.393219314232777106e+04
-3.064956032177370507e+05
-7.637125360730414104e+04
-8.007676062584736792e+04
1.925442343356498459e+05
-3.783105494107975974e+05
-3.054706676186348195e+05
-7.712038647184484580e+04
-2.854234207199017401e+05
-6.517573667718473735e+04
-6.629798303595899779e+04
-9.341233499520855548e+04
-2.092423531614818494e+05
-2.067127041604862316e+05
-8.415248250780873059e+04
1.358724827150851779e+05
3.554787029609961610e+04
1.311898014761101331e+04
-8.415248250780873059e+04
-4.042406385693193297e+05
2.340308603469257359e+05
-1.925017757441875001e+05
-1.154062258269739541e+05
-9.281314070006062684e+04
-7.249698294527742837e+04
