-5.027550458908081055e-01
3.836975693702697754e-01
4.646854698657989502e-01
3.563551902770996094e-01
-1.462436318397521973e-01
3.124030679464340210e-02
-4.619933366775512695e-01
5.033454895019531250e-01
3.610999584197998047e-01
4.166355431079864502e-01
3.183507323265075684e-01
6.976429373025894165e-02
-1.049373522400856018e-01
1.535421460866928101e-01
-4.141474664211273193e-01
-1.260652542114257812e-01
4.958518147468566895e-01
4.613908529281616211e-01
2.848300337791442871e-01
-3.181940019130706787e-01
-3.002690374851226807e-01
-2.281086295843124390e-01
-1.054548919200897217e-01
-4.540575295686721802e-02
4.699936211109161377e-01
2.537440508604049683e-03
-7.045389711856842041e-02
-1.342400461435317993e-01
5.324749946594238281e-01
-3.632801175117492676e-01
-2.162403613328933716e-01
3.346505761146545410e-01
4.715508818626403809e-01
-2.929957211017608643e-02
2.402868308126926422e-02
7.625484466552734375e-02
2.299925535917282104e-01
4.840213060379028320e-01
3.779885917901992798e-02
2.557331323623657227e-01
3.382606506347656250e-01
2.834460437297821045e-01
3.862604200839996338e-01
-2.973711490631103516e-01
1.588325947523117065e-01
-8.368636667728424072e-02
6.431216001510620117e-02
3.439287543296813965e-01
-2.009837031364440918e-01
2.361254990100860596e-01
4.966142177581787109e-01
-3.083679974079132080e-01
6.690663695335388184e-01
6.679403185844421387e-01
-7.259809970855712891e-02
5.427413582801818848e-01
6.339498162269592285e-01
2.855198383331298828e-01
-1.204041987657546997e-01
-1.350258439779281616e-01
2.145683616399765015e-01
-1.156124249100685120e-01
3.283237814903259277e-01
4.103647470474243164e-01
1.896379142999649048e-02
1.725910007953643799e-01
4.903725162148475647e-02
-2.097728550434112549e-01
4.810837805271148682e-01
4.575013518333435059e-01
2.853227853775024414e-01
-7.307646870613098145e-01
1.134117841720581055e-01
-3.082451522350311279e-01
-5.684236437082290649e-02
-2.449644505977630615e-01
4.182499647140502930e-01
-3.187837600708007812e-01
-1.158286035060882568e-01
2.854589819908142090e-01
6.132844090461730957e-01
-3.792871832847595215e-01
3.608512282371520996e-01
4.725707769393920898e-01
5.188328623771667480e-01
2.740799784660339355e-01
6.282275915145874023e-01
5.425598025321960449e-01
-3.973366320133209229e-01
3.791590332984924316e-01
4.465550482273101807e-01
-5.580726861953735352e-01
3.966595828533172607e-01
1.761582642793655396e-01
-5.585943460464477539e-01
3.158539235591888428e-01
-1.930561959743499756e-01
4.409629702568054199e-01
-1.843908131122589111e-01
3.133704364299774170e-01
6.666133403778076172e-01
4.244438409805297852e-01
-9.752856194972991943e-02
2.734484523534774780e-02
-2.170840650796890259e-02
-2.611503899097442627e-01
2.059662044048309326e-01
6.608022749423980713e-02
-1.293658018112182617e-01
-1.156333982944488525e-01
5.456499010324478149e-02
9.126327931880950928e-02
-1.699186414480209351e-01
-1.042599603533744812e-01
1.087091714143753052e-01
-3.372093439102172852e-01
-2.853458225727081299e-01
-2.034772485494613647e-01
-1.714459657669067383e-01
-1.348925679922103882e-01
4.831835627555847168e-01
-3.646726012229919434e-01
5.737308263778686523e-01
-2.664506435394287109e-01
4.155296087265014648e-01
-4.897329211235046387e-02
1.385808289051055908e-01
6.470292806625366211e-01
4.242775589227676392e-02
1.689257770776748657e-01
1.957918405532836914e-01
2.911098003387451172e-01
-4.845099747180938721e-01
1.131704449653625488e-02
2.408325523138046265e-01
-4.078633487224578857e-01
-1.500655412673950195e-01
-3.716717660427093506e-02
9.042755514383316040e-02
5.572848767042160034e-02
-2.919496297836303711e-01
7.287159562110900879e-01
-3.571395576000213623e-02
-1.157420873641967773e-02
-6.944832801818847656e-01
-2.500419616699218750e-01
2.912687957286834717e-01
-5.806431174278259277e-02
-2.195018827915191650e-01
-2.123272120952606201e-01
4.156579077243804932e-02
3.270091116428375244e-02
6.450868844985961914e-01
3.242400288581848145e-02
3.316612243652343750e-01
-1.958888471126556396e-01
4.488018453121185303e-01
-4.269042015075683594e-01
1.901814341545104980e-02
2.524074316024780273e-01
3.574386835098266602e-01
-1.248279958963394165e-01
-1.565477252006530762e-02
-1.454062461853027344e-01
2.322680205106735229e-01
3.820175230503082275e-01
-3.834614157676696777e-02
4.531145989894866943e-01
3.202310800552368164e-01
-4.956272244453430176e-02
1.817513704299926758e-01
5.572686791419982910e-01
1.480949223041534424e-01
2.441077232360839844e-01
4.138183593750000000e-01
6.220972537994384766e-02
-2.812007665634155273e-01
2.355521172285079956e-01
6.159315705299377441e-01
-1.730051636695861816e-01
6.953433156013488770e-02
3.786212205886840820e-01
3.257752209901809692e-02
1.358377486467361450e-01
4.560331702232360840e-01
3.250271975994110107e-01
4.186293780803680420e-01
-1.777548789978027344e-01
-2.892647683620452881e-02
-2.013856172561645508e-02
-3.709016740322113037e-02
5.383992791175842285e-01
4.442881345748901367e-01
2.946139872074127197e-02
2.296343892812728882e-01
3.273207843303680420e-01
2.027686983346939087e-01
4.487757086753845215e-01
5.333846807479858398e-01
-8.618676662445068359e-02
-1.081569641828536987e-01
6.382585316896438599e-02
1.070524379611015320e-01
5.904743671417236328e-01
-2.111927866935729980e-01
-5.493660271167755127e-02
1.228217482566833496e-01
4.605494141578674316e-01
4.109364449977874756e-01
5.191563814878463745e-02
1.706449389457702637e-01
2.682165503501892090e-01
-2.146692276000976562e-01
-1.165229231119155884e-01
-6.459153294563293457e-01
-1.469618976116180420e-01
1.727814674377441406e-01
1.091700941324234009e-01
4.752750694751739502e-01
2.886041998863220215e-01
7.166479527950286865e-02
2.239190042018890381e-01
-5.472858250141143799e-02
-2.597879767417907715e-01
-8.263611793518066406e-01
3.284841179847717285e-01
4.826888144016265869e-01
2.235496044158935547e-02
3.991634249687194824e-01
1.470239013433456421e-01
1.849886626005172729e-01
4.366418123245239258e-01
4.125806689262390137e-01
-3.533269464969635010e-02
-1.292876154184341431e-01
4.366954565048217773e-01
-2.114800959825515747e-01
-3.071204423904418945e-01
1.401280611753463745e-01
1.668266952037811279e-01
3.874331712722778320e-03
3.219963908195495605e-01
7.305650413036346436e-02
4.719130992889404297e-01
1.616838276386260986e-01
5.205963253974914551e-01
2.168860882520675659e-01
-2.561174333095550537e-01
6.409496068954467773e-01
3.754968941211700439e-01
4.077365398406982422e-01
4.984389245510101318e-01
3.537860214710235596e-01
2.215160429477691650e-02
8.224193751811981201e-02
4.834674000740051270e-01
5.074079632759094238e-01
1.757297962903976440e-01
3.034670352935791016e-01
3.999988734722137451e-01
4.229699075222015381e-02
3.399858772754669189e-01
-4.941177368164062500e-02
2.647393941879272461e-01
1.051329076290130615e-02
4.184677004814147949e-01
3.472024202346801758e-01
4.817110896110534668e-01
-4.173201322555541992e-02
2.321470379829406738e-01
5.651093125343322754e-01
3.949851393699645996e-01
4.434528946876525879e-01
-4.284509122371673584e-01
-1.482009440660476685e-01
9.537667036056518555e-03
-8.922879099845886230e-01
4.142650365829467773e-01
5.068275332450866699e-01
-2.009793817996978760e-01
4.665198028087615967e-01
8.323328197002410889e-02
2.913978695869445801e-02
4.262302815914154053e-02
1.002611964941024780e-01
-2.462923526763916016e-03
2.333635836839675903e-01
6.089601516723632812e-01
3.956997394561767578e-01
1.923814415931701660e-02
2.402060925960540771e-01
-7.223917543888092041e-02
-4.001836478710174561e-02
-3.792891204357147217e-01
2.431120723485946655e-01
7.594773173332214355e-02
6.669479608535766602e-02
4.448263049125671387e-01
7.151256203651428223e-01
-2.783910930156707764e-02
1.899143755435943604e-01
2.502422034740447998e-01
6.874514222145080566e-01
4.901443719863891602e-01
-2.175214886665344238e-01
6.330879926681518555e-01
5.645575523376464844e-01
6.237381100654602051e-01
5.274771451950073242e-01
3.000639081001281738e-01
3.135120272636413574e-01
6.549025774002075195e-01
3.592870831489562988e-01
7.066252231597900391e-01
4.422065615653991699e-01
9.485746920108795166e-02
3.329167962074279785e-01
4.406049847602844238e-02
-4.042038321495056152e-01
1.518831849098205566e-01
3.918272852897644043e-01
6.856457591056823730e-01
6.636950373649597168e-01
4.384108185768127441e-01
4.466532468795776367e-01
1.804050803184509277e-02
2.659604847431182861e-01
7.527567744255065918e-01
8.569936156272888184e-01
4.133175313472747803e-01
-7.123544812202453613e-02
4.421561956405639648e-02
2.710852324962615967e-01
4.928445816040039062e-01
6.740391254425048828e-01
3.658242523670196533e-01
7.450044155120849609e-01
1.208162307739257812e-02
-8.534795045852661133e-02
-3.471654653549194336e-02
6.264983415603637695e-01
-3.779365718364715576e-01
6.648446321487426758e-01
7.403473258018493652e-01
1.568373292684555054e-01
-4.723168015480041504e-01
2.884077429771423340e-01
2.828259468078613281e-01
5.401501059532165527e-01
5.020349621772766113e-01
4.157871603965759277e-01
-4.877695441246032715e-02
5.044272541999816895e-01
3.923042714595794678e-01
1.195745915174484253e-01
4.946603775024414062e-01
5.712350606918334961e-01
8.796399831771850586e-02
5.972275733947753906e-01
8.148348331451416016e-02
-9.992066025733947754e-02
5.199394226074218750e-01
5.199394226074218750e-01
1.061397790908813477e-02
4.108082950115203857e-01
1.040504574775695801e-01
1.625103056430816650e-01
4.972863793373107910e-01
-2.610268294811248779e-01
9.976202249526977539e-02
9.955947101116180420e-02
-1.140002608299255371e-01
6.479990482330322266e-02
4.146454334259033203e-01
6.235385537147521973e-01
1.111699640750885010e-01
-1.246525049209594727e-01
5.071595311164855957e-02
6.174272298812866211e-01
6.098843812942504883e-01
4.108787775039672852e-01
4.108787775039672852e-01
-5.020431280136108398e-01
4.511584043502807617e-01
5.624544620513916016e-01
-2.532444298267364502e-01
4.988989233970642090e-02
3.121130466461181641e-01
6.005884408950805664e-01
4.707824587821960449e-01
2.315366566181182861e-01
6.750088930130004883e-01
6.750088930130004883e-01
4.466705918312072754e-01
2.373888492584228516e-01
-2.108639478683471680e-02
6.371903419494628906e-01
7.352614402770996094e-02
4.321363866329193115e-01
5.452549457550048828e-01
7.619104385375976562e-01
9.028714895248413086e-02
6.662720441818237305e-01
4.085138440132141113e-02
8.070136606693267822e-02
1.669212877750396729e-01
6.075712442398071289e-01
5.174309015274047852e-02
3.892469406127929688e-01
7.483813762664794922e-01
5.060660243034362793e-01
-1.436999440193176270e-02
3.491118550300598145e-02
-5.009928941726684570e-01
1.363881379365921021e-01
1.566449701786041260e-01
2.284367084503173828e-01
1.602889299392700195e-01
1.036192327737808228e-01
-1.109507083892822266e-01
5.989711284637451172e-01
1.068039655685424805e+00
3.610908985137939453e-02
6.582292318344116211e-01
2.461709082126617432e-01
4.194946885108947754e-01
2.499595284461975098e-02
2.240365743637084961e-01
1.765977144241333008e-01
5.673370957374572754e-01
-6.001472473144531250e-02
9.769138693809509277e-02
7.032518386840820312e-01
4.958736300468444824e-01
1.251884251832962036e-01
7.061933279037475586e-01
4.726448953151702881e-01
5.830258131027221680e-02
6.305176615715026855e-01
1.067717790603637695e+00
6.045092940330505371e-01
3.498837053775787354e-01
1.925172060728073120e-01
6.878679990768432617e-01
-8.724611997604370117e-02
5.219660997390747070e-01
6.374286413192749023e-01
5.292149186134338379e-01
-2.070975899696350098e-01
8.143645524978637695e-02
8.502352237701416016e-02
-2.037495374679565430e-03
6.662333011627197266e-01
4.996235370635986328e-01
6.428968906402587891e-01
6.924450993537902832e-01
2.808587253093719482e-01
4.542040228843688965e-01
2.150452136993408203e-01
3.637656569480895996e-02
1.959563195705413818e-01
5.660617351531982422e-01
4.682158827781677246e-01
2.977734208106994629e-01
4.454678297042846680e-01
4.454678297042846680e-01
1.316505372524261475e-01
-2.277731895446777344e-01
7.893544435501098633e-01
6.062323451042175293e-01
1.835792958736419678e-01
5.463746786117553711e-01
-1.470017433166503906e-01
5.474752187728881836e-01
4.925102591514587402e-01
4.895605742931365967e-01
1.379969120025634766e-01
5.027949810028076172e-04
1.214148402214050293e-01
5.338117480278015137e-01
9.311699867248535156e-01
6.421918272972106934e-01
4.870478212833404541e-01
5.184805989265441895e-01
5.342944264411926270e-01
6.586898565292358398e-01
7.472990751266479492e-01
6.970617771148681641e-01
8.898804187774658203e-01
4.609425067901611328e-01
5.162496566772460938e-01
5.162496566772460938e-01
7.325475215911865234e-01
4.930017590522766113e-01
7.537927627563476562e-01
8.907589912414550781e-01
4.732983112335205078e-01
5.283318161964416504e-01
-3.986330330371856689e-01
4.991333782672882080e-01
1.421063244342803955e-01
3.967976272106170654e-01
4.650800228118896484e-01
4.086956381797790527e-02
1.929657459259033203e-01
7.048546075820922852e-01
5.486863851547241211e-01
1.950463652610778809e-02
7.980315685272216797e-01
7.852198481559753418e-01
8.951020240783691406e-01
5.103993415832519531e-01
7.365664243698120117e-01
6.524554491043090820e-01
6.686657667160034180e-02
2.338615655899047852e-01
7.630270719528198242e-02
1.868735104799270630e-01
7.851182222366333008e-01
2.973122894763946533e-01
8.103480935096740723e-01
1.275031268596649170e-01
7.391766309738159180e-01
-3.077699542045593262e-01
3.683686852455139160e-01
6.250333786010742188e-01
2.283144146203994751e-01
9.417963027954101562e-02
4.757013916969299316e-01
1.843352764844894409e-01
4.129176735877990723e-01
8.237562775611877441e-01
1.456849277019500732e-01
1.995164602994918823e-01
4.585047364234924316e-01
5.137048959732055664e-01
2.623569369316101074e-01
3.003832697868347168e-01
7.585155963897705078e-01
2.254294455051422119e-01
1.787555217742919922e-01
7.059962749481201172e-01
5.110554695129394531e-01
2.569659948348999023e-01
8.101609945297241211e-01
7.864333391189575195e-01
2.806383073329925537e-01
1.377061009407043457e-01
5.821264982223510742e-01
5.871651172637939453e-01
4.340509772300720215e-01
5.251922607421875000e-01
1.415660381317138672e-01
8.767604231834411621e-01
6.005084514617919922e-01
-1.592072844505310059e-01
5.621585845947265625e-01
6.436071991920471191e-01
7.665797472000122070e-01
9.893702864646911621e-01
9.367727041244506836e-01
9.326584935188293457e-01
8.726274967193603516e-02
9.663581252098083496e-01
7.155175209045410156e-01
8.204346895217895508e-01
2.058440297842025757e-01
6.575671434402465820e-01
5.759237408638000488e-01
1.689726114273071289e-02
5.732131600379943848e-01
4.516445994377136230e-01
2.321869581937789917e-01
2.217001318931579590e-01
5.985385179519653320e-01
5.807855725288391113e-01
7.828736305236816406e-02
1.137597560882568359e-01
2.354153394699096680e-01
5.186339020729064941e-01
6.434110999107360840e-01
7.555369138717651367e-01
4.559654593467712402e-01
3.072809278964996338e-01
8.072521686553955078e-01
7.231310606002807617e-01
3.059032559394836426e-01
7.405233383178710938e-01
3.591884076595306396e-01
6.374433040618896484e-01
9.096637368202209473e-02
8.299295902252197266e-01
1.135746121406555176e+00
6.009531617164611816e-01
3.761725723743438721e-01
-1.037722826004028320e-02
3.589860796928405762e-01
3.747163414955139160e-01
6.845424175262451172e-01
5.615335702896118164e-01
5.615335702896118164e-01
5.911910533905029297e-01
5.098576545715332031e-01
2.906425893306732178e-01
2.962375283241271973e-01
1.371462345123291016e-01
6.126561760902404785e-01
2.420938014984130859e-02
6.386379003524780273e-01
6.632296442985534668e-01
4.272997379302978516e-02
6.062077283859252930e-01
5.585265159606933594e-01
4.513492286205291748e-01
5.481029748916625977e-01
6.526483297348022461e-01
3.338918089866638184e-02
7.230024337768554688e-01
5.679991245269775391e-01
1.410784721374511719e-01
7.613650560379028320e-01
7.285451889038085938e-01
4.669010043144226074e-01
6.678028702735900879e-01
4.136944115161895752e-01
5.778726935386657715e-01
-4.139089584350585938e-02
6.450929641723632812e-01
5.555481314659118652e-01
6.290639638900756836e-01
9.857494235038757324e-01
5.120653510093688965e-01
3.978013992309570312e-02
3.978013992309570312e-02
5.268552303314208984e-01
8.087564706802368164e-01
8.558948040008544922e-01
6.899256706237792969e-01
1.599428355693817139e-01
4.197041988372802734e-01
1.459510326385498047e-01
6.231590509414672852e-01
3.644255399703979492e-01
1.853249073028564453e-01
6.565551161766052246e-01
1.012524008750915527e+00
7.751149535179138184e-01
5.771526098251342773e-01
4.141909778118133545e-01
5.910256505012512207e-01
6.536028385162353516e-01
6.842909455299377441e-01
7.685296535491943359e-01
5.774636268615722656e-01
7.340891361236572266e-01
3.599306344985961914e-01
1.904589831829071045e-01
9.695820808410644531e-01
3.143731355667114258e-01
8.227801322937011719e-01
6.254123449325561523e-01
6.165766119956970215e-01
6.350762248039245605e-01
2.150383591651916504e-01
7.082623243331909180e-01
8.688908815383911133e-01
5.815727710723876953e-01
8.789958357810974121e-01
5.514429211616516113e-01
1.323695898056030273e+00
7.472507953643798828e-01
8.171236515045166016e-01
3.759021759033203125e-01
6.383987069129943848e-01
2.256279289722442627e-01
7.637939453125000000e-01
4.050568342208862305e-01
6.429864764213562012e-01
5.262714028358459473e-01
6.163734793663024902e-01
7.726383805274963379e-01
8.196594119071960449e-01
6.336114406585693359e-01
1.114857494831085205e-01
2.686389088630676270e-01
5.261245965957641602e-01
5.896905660629272461e-01
6.041687726974487305e-01
6.255452036857604980e-01
6.000957489013671875e-01
6.000957489013671875e-01
6.298231482505798340e-01
5.666747093200683594e-01
5.998573899269104004e-01
6.235460042953491211e-01
4.604645967483520508e-01
8.048592805862426758e-01
6.265501379966735840e-01
5.770413875579833984e-01
6.712074279785156250e-01
3.851680755615234375e-01
8.971507549285888672e-01
6.765697598457336426e-01
1.022659897804260254e+00
7.440994977951049805e-01
5.272984504699707031e-03
1.095459103584289551e+00
8.043462038040161133e-01
6.524081826210021973e-01
6.231940984725952148e-01
6.002928018569946289e-01
6.290165781974792480e-01
4.740464091300964355e-01
6.903011798858642578e-01
5.223033428192138672e-01
6.283152699470520020e-01
9.033799171447753906e-01
2.504234015941619873e-01
2.805787324905395508e-01
7.184458971023559570e-01
6.223009824752807617e-01
7.635630369186401367e-01
7.233282923698425293e-01
6.704294085502624512e-01
3.497072458267211914e-01
7.709022164344787598e-01
4.873961210250854492e-01
4.178740978240966797e-01
5.980131030082702637e-01
7.393475174903869629e-01
4.324275255203247070e-02
2.211938500404357910e-01
4.655302166938781738e-01
4.395142197608947754e-01
6.651017069816589355e-01
4.684018790721893311e-01
6.105211377143859863e-01
6.227720975875854492e-01
6.059930920600891113e-01
6.707973480224609375e-01
7.717026472091674805e-01
7.802503705024719238e-01
7.351770401000976562e-01
8.069297671318054199e-01
6.605364084243774414e-01
6.333165764808654785e-01
6.497322320938110352e-01
5.564409494400024414e-01
8.298152685165405273e-01
5.612572431564331055e-01
1.953119933605194092e-01
5.429872274398803711e-01
8.427716493606567383e-01
2.441412806510925293e-01
6.592529416084289551e-01
6.651765108108520508e-01
7.175681591033935547e-01
2.904494404792785645e-01
5.081344842910766602e-01
7.114604711532592773e-01
6.257564425468444824e-01
5.619271397590637207e-01
6.515921354293823242e-01
2.602376341819763184e-01
2.602376341819763184e-01
5.284330844879150391e-01
6.424959301948547363e-01
9.828562736511230469e-01
8.357348442077636719e-01
7.604238390922546387e-01
6.392233967781066895e-01
1.631387174129486084e-01
7.536740303039550781e-01
7.018126845359802246e-01
8.974597454071044922e-01
8.615145683288574219e-01
8.260577321052551270e-01
1.977000534534454346e-01
3.090135455131530762e-01
7.443042993545532227e-01
2.907125353813171387e-01
9.729740619659423828e-01
6.272988915443420410e-01
9.406011104583740234e-01
6.688258051872253418e-01
2.579507529735565186e-01
6.503675580024719238e-01
7.457751631736755371e-01
7.327511310577392578e-01
2.543380856513977051e-01
9.069600701332092285e-01
6.187918186187744141e-01
9.493443369865417480e-01
6.410310864448547363e-01
8.290264606475830078e-01
9.216048717498779297e-01
8.254737854003906250e-01
6.238304376602172852e-01
-5.747324228286743164e-01
8.741146922111511230e-01
6.704384684562683105e-01
-8.498811721801757812e-02
6.924250721931457520e-01
4.663795232772827148e-01
7.684769630432128906e-01
8.103342652320861816e-01
2.648006975650787354e-01
8.240351676940917969e-01
7.096933126449584961e-01
1.382890462875366211e+00
8.087493181228637695e-01
5.738872289657592773e-01
3.546597361564636230e-01
6.158244013786315918e-01
4.890204071998596191e-01
2.013904750347137451e-01
3.507322072982788086e-01
8.369296789169311523e-01
7.509888410568237305e-01
4.987248182296752930e-01
1.784225106239318848e-01
7.363504171371459961e-01
1.077901363372802734e+00
1.077901363372802734e+00
4.731834530830383301e-01
9.415314197540283203e-01
8.497261404991149902e-01
6.008550524711608887e-01
7.040551900863647461e-01
-1.447690725326538086e-01
2.972985804080963135e-01
5.186746716499328613e-01
6.646673083305358887e-01
8.008055090904235840e-01
5.324787497520446777e-01
7.934122085571289062e-01
9.576381444931030273e-01
6.879794597625732422e-01
6.127264499664306641e-01
6.421929001808166504e-01
3.541710972785949707e-01
6.380332112312316895e-01
6.380332112312316895e-01
6.380332112312316895e-01
6.597861051559448242e-01
7.675806879997253418e-01
7.904317378997802734e-01
3.071163296699523926e-01
7.027841806411743164e-01
2.489761710166931152e-01
6.370927691459655762e-01
1.706269383430480957e-01
-2.621167898178100586e-02
5.896551012992858887e-01
2.855896949768066406e-02
6.624184846878051758e-01
6.815817952156066895e-01
6.719094514846801758e-01
6.739283204078674316e-01
6.483522057533264160e-01
4.031424522399902344e-01
8.266475200653076172e-01
6.370339393615722656e-01
6.370339393615722656e-01
6.370339393615722656e-01
6.370339393615722656e-01
6.370339393615722656e-01
4.994233548641204834e-01
6.091789603233337402e-01
6.770455241203308105e-01
2.931597530841827393e-01
-1.756243109703063965e-01
2.840436995029449463e-01
1.991060376167297363e-01
4.977985024452209473e-01
6.597315073013305664e-01
6.614505648612976074e-01
6.509299874305725098e-01
6.509299874305725098e-01
7.197503447532653809e-01
5.209033489227294922e-01
6.458791494369506836e-01
6.902328729629516602e-01
6.365491151809692383e-01
6.365491151809692383e-01
6.365491151809692383e-01
6.065538525581359863e-01
7.101432681083679199e-01
6.170533895492553711e-01
4.633522629737854004e-01
6.301891803741455078e-01
4.556265473365783691e-01
6.771577000617980957e-01
8.844254016876220703e-01
4.962913990020751953e-01
6.926097273826599121e-01
6.823828220367431641e-01
9.889332652091979980e-01
5.396711230278015137e-01
5.120294690132141113e-01
8.414379954338073730e-01
2.302030563354492188e+00
6.969686746597290039e-01
5.096653103828430176e-01
6.652368307113647461e-01
6.652368307113647461e-01
6.813842058181762695e-01
6.130720973014831543e-01
6.693813204765319824e-01
6.198623180389404297e-01
6.190958619117736816e-01
6.729859113693237305e-01
7.142610549926757812e-01
7.836202383041381836e-01
5.036190152168273926e-01
7.070839405059814453e-01
4.915761053562164307e-01
7.307265996932983398e-01
5.033894777297973633e-01
1.292566359043121338e-01
5.295734405517578125e-01
5.217838883399963379e-01
5.221749544143676758e-01
7.869572043418884277e-01
3.274329602718353271e-01
7.474008202552795410e-01
6.543794870376586914e-01
6.360949873924255371e-01
1.126998901367187500e+00
1.092343091964721680e+00
6.357047557830810547e-01
6.357047557830810547e-01
5.203408598899841309e-01
7.690288424491882324e-01
6.174484491348266602e-01
5.240830183029174805e-01
5.279465317726135254e-01
4.931178689002990723e-01
5.220712423324584961e-01
7.306422591209411621e-01
5.231615304946899414e-01
2.804171442985534668e-01
5.291255116462707520e-01
7.330434918403625488e-01
6.669116020202636719e-01
1.162587881088256836e+00
6.895685791969299316e-01
6.374260783195495605e-01
6.374260783195495605e-01
5.455770492553710938e-01
6.227655410766601562e-01
9.428098201751708984e-01
6.399181485176086426e-01
7.543175816535949707e-01
6.250509023666381836e-01
1.891124248504638672e-01
5.137699842453002930e-01
7.967318892478942871e-01
7.704710364341735840e-01
4.929456710815429688e-01
5.453978776931762695e-01
4.974412322044372559e-01
1.019603371620178223e+00
8.908902406692504883e-01
5.466337800025939941e-01
7.951797246932983398e-01
5.241963863372802734e-01
7.666279077529907227e-01
1.093503475189208984e+00
5.004656314849853516e-01
5.391536355018615723e-01
6.588265895843505859e-01
5.445232987403869629e-01
3.239352703094482422e-01
3.390304446220397949e-01
6.498805880546569824e-01
6.065790653228759766e-01
1.950488984584808350e-01
7.269447445869445801e-01
5.319470167160034180e-01
1.007050037384033203e+00
5.512881278991699219e-01
5.512881278991699219e-01
5.512881278991699219e-01
5.968096256256103516e-01
5.453655123710632324e-01
5.453655123710632324e-01
5.453655123710632324e-01
6.896477937698364258e-01
5.442018508911132812e-01
5.824074745178222656e-01
5.559501647949218750e-01
3.402688503265380859e-01
7.655131816864013672e-01
5.437338948249816895e-01
9.170514345169067383e-01
5.507189631462097168e-01
6.436970829963684082e-01
7.508904933929443359e-01
4.829741418361663818e-01
5.609185099601745605e-01
6.950309276580810547e-01
3.396838307380676270e-01
5.373523831367492676e-01
1.052456974983215332e+00
5.042084455490112305e-01
5.471048951148986816e-01
5.429536700248718262e-01
5.553723573684692383e-01
5.553723573684692383e-01
4.049438238143920898e-01
5.390170216560363770e-01
7.371443510055541992e-01
5.208340883255004883e-01
1.325649976730346680e+00
5.582578182220458984e-01
5.200304985046386719e-01
5.543256402015686035e-01
1.043015599250793457e+00
7.038735151290893555e-01
5.371732711791992188e-01
5.504605174064636230e-01
5.504605174064636230e-01
5.504605174064636230e-01
6.328083276748657227e-01
1.043958663940429688e+00
5.221126675605773926e-01
8.787201046943664551e-01
7.716466784477233887e-01
7.298511266708374023e-01
1.153893828392028809e+00
8.888540267944335938e-01
3.597116768360137939e-01
5.316439867019653320e-01
8.584822416305541992e-01
9.790530800819396973e-01
7.057788372039794922e-01
1.649757325649261475e-01
5.611082911491394043e-01
4.660736322402954102e-01
1.049372196197509766e+00
5.636915564537048340e-01
3.547590374946594238e-01
5.778090953826904297e-01
8.025890588760375977e-01
6.311487555503845215e-01
8.653171658515930176e-01
1.022354483604431152e+00
5.590223670005798340e-01
8.028090000152587891e-01
5.490679144859313965e-01
5.490679144859313965e-01
5.241299867630004883e-01
5.581874251365661621e-01
5.581874251365661621e-01
5.581874251365661621e-01
9.936789870262145996e-01
5.577515959739685059e-01
5.682153105735778809e-01
5.504621267318725586e-01
1.107148885726928711e+00
5.207568407058715820e-01
1.034197568893432617e+00
1.261021375656127930e+00
5.460807681083679199e-01
6.986994743347167969e-01
5.661860704421997070e-01
8.904411792755126953e-01
6.607363224029541016e-01
5.531492829322814941e-01
5.686171054840087891e-01
5.704500079154968262e-01
4.939013123512268066e-01
5.623450875282287598e-01
1.002720117568969727e+00
6.653075218200683594e-01
5.766555070877075195e-01
9.250822663307189941e-01
1.088352441787719727e+00
5.458406209945678711e-01
7.569031715393066406e-01
8.830134272575378418e-01
5.593786239624023438e-01
5.236672163009643555e-01
7.027427554130554199e-01
7.420648932456970215e-01
5.623708367347717285e-01
5.678976178169250488e-01
5.700446367263793945e-01
4.928446114063262939e-01
7.568851709365844727e-01
5.602156519889831543e-01
5.763498544692993164e-01
5.757206678390502930e-01
2.339418232440948486e-01
8.754509687423706055e-01
5.703763365745544434e-01
5.762602686882019043e-01
5.824681520462036133e-01
1.115513324737548828e+00
5.566291213035583496e-01
7.821865081787109375e-01
5.820699334144592285e-01
5.690461993217468262e-01
5.690461993217468262e-01
9.839997291564941406e-01
7.522705197334289551e-01
7.425137758255004883e-01
7.425137758255004883e-01
8.986169099807739258e-01
5.595017075538635254e-01
7.696717381477355957e-01
5.475325584411621094e-01
5.735803246498107910e-01
5.819251537322998047e-01
3.919058740139007568e-01
1.001979112625122070e+00
7.834016084671020508e-01
5.829027891159057617e-01
5.562793016433715820e-01
9.622178077697753906e-01
7.862831950187683105e-01
1.103305220603942871e+00
7.133518457412719727e-01
5.735818743705749512e-01
4.984701275825500488e-01
1.028681516647338867e+00
5.773858428001403809e-01
5.319617390632629395e-01
1.028672575950622559e+00
1.379963159561157227e+00
7.915167808532714844e-01
8.533899188041687012e-01
5.705611705780029297e-01
5.740911364555358887e-01
5.853160619735717773e-01
5.674859881401062012e-01
5.265357494354248047e-01
5.811067819595336914e-01
5.513413548469543457e-01
5.397225022315979004e-01
5.767803192138671875e-01
5.839836597442626953e-01
7.423343658447265625e-01
5.782721638679504395e-01
1.049096226692199707e+00
3.791097998619079590e-01
5.727464556694030762e-01
5.820058584213256836e-01
9.570367336273193359e-01
6.632459759712219238e-01
5.768471956253051758e-01
5.768471956253051758e-01
6.875474452972412109e-01
5.366318225860595703e-01
5.366318225860595703e-01
7.003819942474365234e-01
5.835023522377014160e-01
5.729878544807434082e-01
5.745997428894042969e-01
7.549026608467102051e-01
5.648499131202697754e-01
5.404945611953735352e-01
9.414528012275695801e-01
5.380431413650512695e-01
1.057351589202880859e+00
5.456394553184509277e-01
5.797550678253173828e-01
5.896556377410888672e-01
5.896556377410888672e-01
5.514035224914550781e-01
5.332968235015869141e-01
4.054127633571624756e-01
7.537917494773864746e-01
7.537917494773864746e-01
7.537917494773864746e-01
1.183788537979125977e+00
5.851256847381591797e-01
7.673527598381042480e-01
1.068750739097595215e+00
5.361290574073791504e-01
8.185231089591979980e-01
5.263493061065673828e-01
5.671356916427612305e-01
1.269034147262573242e+00
6.781782507896423340e-01
1.034852027893066406e+00
5.882667303085327148e-01
9.310033321380615234e-01
7.503558993339538574e-01
7.503558993339538574e-01
7.503558993339538574e-01
5.625856518745422363e-01
6.435418128967285156e-01
7.693075537681579590e-01
7.556288838386535645e-01
7.556288838386535645e-01
7.556288838386535645e-01
6.654424071311950684e-01
5.853388309478759766e-01
5.474613308906555176e-01
1.099407315254211426e+00
7.039442062377929688e-01
5.595812797546386719e-01
1.031195878982543945e+00
7.076133489608764648e-01
5.648438930511474609e-01
8.550006151199340820e-01
5.490140914916992188e-01
8.090649247169494629e-01
1.106220006942749023e+00
5.936495065689086914e-01
8.373718857765197754e-01
5.867366194725036621e-01
1.219793558120727539e+00
5.882973670959472656e-01
1.186481237411499023e+00
3.619636893272399902e-01
5.480918288230895996e-01
5.483324527740478516e-01
4.989354610443115234e-01
6.205236315727233887e-01
5.542738437652587891e-01
5.568011999130249023e-01
4.397226870059967041e-01
5.421197414398193359e-01
8.232031464576721191e-01
4.953464865684509277e-01
8.155153989791870117e-01
5.634296536445617676e-01
5.634296536445617676e-01
7.887476682662963867e-01
7.887476682662963867e-01
7.887476682662963867e-01
7.417242527008056641e-01
5.019458532333374023e-01
7.926577329635620117e-01
4.769375324249267578e-01
1.098979711532592773e+00
1.036572456359863281e+00
1.055996060371398926e+00
6.504340767860412598e-01
1.025537729263305664e+00
4.081645011901855469e-01
5.925002098083496094e-01
1.045024156570434570e+00
7.685408592224121094e-01
4.101029634475708008e-01
6.036990880966186523e-01
4.457374215126037598e-01
8.751443624496459961e-01
9.464433789253234863e-01
5.923029780387878418e-01
5.903018116950988770e-01
8.926829695701599121e-01
5.898460149765014648e-01
5.952015519142150879e-01
1.073304891586303711e+00
7.414429783821105957e-01
9.742681980133056641e-01
5.210084915161132812e-01
1.131099462509155273e+00
1.131099462509155273e+00
5.995659828186035156e-01
1.145300149917602539e+00
6.318223476409912109e-01
9.960849285125732422e-01
7.291849851608276367e-01
1.006814479827880859e+00
5.919115543365478516e-01
8.868871927261352539e-01
1.142247676849365234e+00
1.142425656318664551e+00
9.210098385810852051e-01
7.334870100021362305e-01
7.594249248504638672e-01
7.914507389068603516e-01
5.853080153465270996e-01
-9.437843561172485352e-01
-4.979503154754638672e-02
2.890056669712066650e-01
8.285660743713378906e-01
8.285660743713378906e-01
6.732702255249023438e-03
1.073642015457153320e+00
8.953334093093872070e-01
8.059747815132141113e-01
8.059747815132141113e-01
8.597260117530822754e-01
9.485533833503723145e-01
9.833017587661743164e-01
2.952410280704498291e-01
4.911842048168182373e-01
7.949568629264831543e-01
7.746027708053588867e-01
7.882972955703735352e-01
6.108278036117553711e-01
9.781225919723510742e-01
6.055561304092407227e-01
5.663602948188781738e-01
9.748642444610595703e-01
4.309276938438415527e-01
9.261904358863830566e-01
1.078693628311157227e+00
5.353050827980041504e-01
4.488902986049652100e-01
7.491983175277709961e-01
7.491983175277709961e-01
9.550709724426269531e-01
4.547663629055023193e-01
5.290160179138183594e-01
8.326253294944763184e-01
8.229929208755493164e-01
7.314787507057189941e-01
9.910405874252319336e-01
1.058883666992187500e+00
7.525451183319091797e-01
5.166699886322021484e-01
1.138513803482055664e+00
1.069654464721679688e+00
7.339087724685668945e-01
8.492936491966247559e-01
1.054288983345031738e+00
4.264812171459197998e-01
3.574283719062805176e-01
9.587672948837280273e-01
5.338611006736755371e-01
3.943072557449340820e-01
8.252819776535034180e-01
4.237801134586334229e-01
1.271153807640075684e+00
7.602353096008300781e-01
5.545989871025085449e-01
6.502842307090759277e-01
1.126699686050415039e+00
1.201696515083312988e+00
6.884788870811462402e-01
5.634266138076782227e-01
1.020016908645629883e+00
3.718470931053161621e-01
1.128031969070434570e+00
5.515941977500915527e-01
1.175330877304077148e+00
9.680724740028381348e-01
1.049876332283020020e+00
8.698375821113586426e-01
8.358678817749023438e-01
1.045583486557006836e+00
1.038469314575195312e+00
8.429743051528930664e-01
1.181438922882080078e+00
8.316746950149536133e-01
8.316746950149536133e-01
6.552491188049316406e-01
7.750505208969116211e-01
9.715784788131713867e-01
9.715784788131713867e-01
1.041182756423950195e+00
8.991141319274902344e-01
3.768510818481445312e-01
6.762301921844482422e-01
8.776764869689941406e-01
7.158437967300415039e-01
4.525719285011291504e-01
1.257721185684204102e+00
6.219551563262939453e-01
9.169685244560241699e-01
6.425580382347106934e-01
4.808051586151123047e-01
8.808236122131347656e-01
9.987295866012573242e-01
6.319795250892639160e-01
7.698525786399841309e-01
6.552777886390686035e-01
9.766045808792114258e-01
5.204571485519409180e-01
1.044505238533020020e+00
1.044505238533020020e+00
1.058694362640380859e+00
8.188357949256896973e-01
9.143768548965454102e-01
1.060640096664428711e+00
4.964181780815124512e-01
8.985952734947204590e-01
7.119469046592712402e-01
3.571456968784332275e-01
1.068194627761840820e+00
7.949763536453247070e-01
9.158841371536254883e-01
6.806026101112365723e-01
1.069692850112915039e+00
5.551571249961853027e-01
6.729955673217773438e-01
7.028849720954895020e-01
9.235206246376037598e-01
1.149969339370727539e+00
6.365811228752136230e-01
6.854235529899597168e-01
5.010474920272827148e-01
1.098868489265441895e+00
7.147294282913208008e-01
-2.015072107315063477e-02
1.123215198516845703e+00
7.112249732017517090e-01
7.037643194198608398e-01
1.030424952507019043e+00
9.890524148941040039e-01
7.708076238632202148e-01
6.700484156608581543e-01
8.997223377227783203e-01
1.184735298156738281e+00
4.808900952339172363e-01
7.744500041007995605e-01
6.651847362518310547e-01
6.903225183486938477e-01
6.754655838012695312e-01
9.578413963317871094e-01
7.179730534553527832e-01
7.005409002304077148e-01
1.060587406158447266e+00
1.530901551246643066e+00
6.628696918487548828e-01
1.140258431434631348e+00
1.206324458122253418e+00
1.129465818405151367e+00
4.627001285552978516e-01
1.160945653915405273e+00
1.028666138648986816e+00
1.212645053863525391e+00
1.047960638999938965e+00
1.053236722946166992e+00
1.133517622947692871e+00
1.232175827026367188e+00
5.279298424720764160e-01
6.957691907882690430e-01
1.143520116806030273e+00
7.166600823402404785e-01
5.795963406562805176e-01
1.208328604698181152e+00
6.928525567054748535e-01
9.574320912361145020e-01
5.024652481079101562e-01
9.765231013298034668e-01
7.385401129722595215e-01
7.007282376289367676e-01
6.693822741508483887e-01
5.921073555946350098e-01
1.200494050979614258e+00
7.291333079338073730e-01
8.277230262756347656e-01
6.169283390045166016e-01
4.937251806259155273e-01
1.091953516006469727e+00
1.019653201103210449e+00
1.019653201103210449e+00
9.166803956031799316e-01
9.056905508041381836e-01
1.046533942222595215e+00
1.229074954986572266e+00
8.392916917800903320e-01
7.157558202743530273e-01
7.428764104843139648e-01
1.035139679908752441e+00
8.370260000228881836e-01
2.182175517082214355e-01
9.424371123313903809e-01
1.004340887069702148e+00
7.343027591705322266e-01
9.801956415176391602e-01
3.600084483623504639e-01
1.226137995719909668e+00
1.222022056579589844e+00
7.092144489288330078e-01
9.378354549407958984e-01
7.483289837837219238e-01
9.975119829177856445e-01
7.413170337677001953e-01
9.511193037033081055e-01
7.505784630775451660e-01
7.402173280715942383e-01
1.034002184867858887e+00
1.259253025054931641e+00
9.650162458419799805e-01
5.177806019783020020e-01
5.568361282348632812e-01
7.370071411132812500e-01
8.114002943038940430e-01
1.070709109306335449e+00
1.074983000755310059e+00
7.693695425987243652e-01
1.031453490257263184e+00
5.318424701690673828e-01
7.460523247718811035e-01
7.145977020263671875e-01
9.252476692199707031e-01
1.233196377754211426e+00
1.136618018150329590e+00
1.122182369232177734e+00
5.963923931121826172e-01
1.039115190505981445e+00
1.039115190505981445e+00
1.114425778388977051e+00
8.698291182518005371e-01
1.007283449172973633e+00
1.133902668952941895e+00
1.006085753440856934e+00
8.660190701484680176e-01
6.043733358383178711e-01
8.692053556442260742e-01
1.050149798393249512e+00
1.226455211639404297e+00
9.318677186965942383e-01
3.690949082374572754e-01
7.497416734695434570e-01
1.018195867538452148e+00
9.502038359642028809e-01
8.983595967292785645e-01
5.328186750411987305e-01
1.224056959152221680e+00
2.581923604011535645e-01
8.995351791381835938e-01
1.019401073455810547e+00
1.019401073455810547e+00
1.017433881759643555e+00
1.137225151062011719e+00
8.794281482696533203e-01
1.018404841423034668e+00
1.195393562316894531e+00
9.097498655319213867e-01
9.097498655319213867e-01
1.086251854896545410e+00
9.881879091262817383e-01
1.017408490180969238e+00
1.017408490180969238e+00
2.198127508163452148e-01
1.230199813842773438e+00
1.016412377357482910e+00
1.220158815383911133e+00
9.704655408859252930e-01
9.704655408859252930e-01
1.004208803176879883e+00
1.004208803176879883e+00
1.149174571037292480e+00
1.005775451660156250e+00
1.052124142646789551e+00
9.165452122688293457e-01
7.382931709289550781e-01
9.632669091224670410e-01
2.495245933532714844e-01
1.009614348411560059e+00
1.010705471038818359e+00
1.025963783264160156e+00
1.040173530578613281e+00
7.732064127922058105e-01
7.732064127922058105e-01
1.053387999534606934e+00
1.010716915130615234e+00
1.010716915130615234e+00
1.036540865898132324e+00
9.821621179580688477e-01
1.236013889312744141e+00
7.683206200599670410e-01
1.031788706779479980e+00
7.611903548240661621e-01
1.095100402832031250e+00
7.587610483169555664e-01
1.040848493576049805e+00
1.174740910530090332e+00
4.576205611228942871e-01
1.028706312179565430e+00
8.896196484565734863e-01
7.959985136985778809e-01
7.959985136985778809e-01
7.974119782447814941e-01
9.261362552642822266e-01
9.928314089775085449e-01
1.104872107505798340e+00
8.072154521942138672e-01
8.895878791809082031e-01
7.523261308670043945e-01
1.035865783691406250e+00
1.747684001922607422e+00
7.924401760101318359e-01
8.299923539161682129e-01
4.414716958999633789e-01
7.980626225471496582e-01
8.011499047279357910e-01
8.833373785018920898e-01
1.046624660491943359e+00
7.002711892127990723e-01
1.485169529914855957e+00
1.028718829154968262e+00
9.818587303161621094e-01
8.144937753677368164e-01
7.720332145690917969e-01
7.900308370590209961e-01
7.632199525833129883e-01
1.132541775703430176e+00
7.872489094734191895e-01
8.513053059577941895e-01
1.018323421478271484e+00
1.103039383888244629e+00
7.827568650245666504e-01
9.747885465621948242e-01
1.092929244041442871e+00
8.410610556602478027e-01
8.185224533081054688e-01
8.185224533081054688e-01
1.105080246925354004e+00
7.718178033828735352e-01
1.037178039550781250e+00
8.078051209449768066e-01
6.068257093429565430e-01
1.069510936737060547e+00
8.021595478057861328e-01
7.852635383605957031e-01
1.036085247993469238e+00
8.019737601280212402e-01
1.075133085250854492e+00
1.134171724319458008e+00
9.614024758338928223e-01
9.614024758338928223e-01
7.998275756835937500e-01
1.080507874488830566e+00
7.973425388336181641e-01
9.575099945068359375e-01
1.384716987609863281e+00
1.656161785125732422e+00
1.097878217697143555e+00
1.043794155120849609e+00
7.208506464958190918e-01
8.168382644653320312e-01
8.404259085655212402e-01
1.077658414840698242e+00
8.274849057197570801e-01
7.981336712837219238e-01
8.307294845581054688e-01
8.186022639274597168e-01
8.215667009353637695e-01
8.043961524963378906e-01
8.260825872421264648e-01
8.509865999221801758e-01
5.453436374664306641e-01
8.301411867141723633e-01
1.295421838760375977e+00
6.543506383895874023e-01
8.442158699035644531e-01
8.414580821990966797e-01
1.133303999900817871e+00
9.698303937911987305e-01
1.074751138687133789e+00
1.041817784309387207e+00
9.811708927154541016e-01
8.336454629898071289e-01
1.078328132629394531e+00
1.229812502861022949e+00
1.091112375259399414e+00
1.080132007598876953e+00
8.499277830123901367e-01
1.088702321052551270e+00
8.245897293090820312e-01
1.095997333526611328e+00
8.530606627464294434e-01
1.267487168312072754e+00
1.538437128067016602e+00
9.966052770614624023e-01
1.146522402763366699e+00
6.606014370918273926e-01
1.107915759086608887e+00
8.457087874412536621e-01
1.220402359962463379e+00
1.120402336120605469e+00
1.158776283264160156e+00
1.080761909484863281e+00
1.148451089859008789e+00
1.087035894393920898e+00
9.188526272773742676e-01
8.163694143295288086e-01
1.054060459136962891e+00
8.450146317481994629e-01
8.341509103775024414e-01
9.272217750549316406e-01
1.079105377197265625e+00
1.079105377197265625e+00
1.079105377197265625e+00
1.079105377197265625e+00
1.118986129760742188e+00
1.048774480819702148e+00
1.058264136314392090e+00
3.919317126274108887e-01
1.072228312492370605e+00
1.104641079902648926e+00
8.793532848358154297e-01
1.064820647239685059e+00
7.800546884536743164e-01
8.647950291633605957e-01
1.012258648872375488e+00
9.401773214340209961e-01
9.401773214340209961e-01
1.165761113166809082e+00
9.405709505081176758e-01
1.093292236328125000e+00
9.928432106971740723e-01
8.334363102912902832e-01
7.924411296844482422e-01
1.299721360206604004e+00
8.437121510505676270e-01
1.064755797386169434e+00
9.812869429588317871e-01
1.056259632110595703e+00
9.718511700630187988e-01
8.341437578201293945e-01
8.836960196495056152e-01
8.624569177627563477e-01
8.624569177627563477e-01
7.934249639511108398e-01
1.067480206489562988e+00
8.733693361282348633e-01
8.733693361282348633e-01
8.723028302192687988e-01
1.096850156784057617e+00
6.565719842910766602e-01
8.702366352081298828e-01
8.416430354118347168e-01
1.229429960250854492e+00
1.155070185661315918e+00
8.653423190116882324e-01
9.506235122680664062e-01
1.082895636558532715e+00
1.472847461700439453e+00
1.134993433952331543e+00
8.516634702682495117e-01
3.159537315368652344e-01
1.240294575691223145e+00
7.680099010467529297e-01
8.749675750732421875e-01
8.765077590942382812e-01
1.088326692581176758e+00
1.380226731300354004e+00
1.326467037200927734e+00
1.268453836441040039e+00
1.103398919105529785e+00
8.553135395050048828e-01
9.715806245803833008e-01
8.750267624855041504e-01
1.102010846138000488e+00
5.556370019912719727e-01
5.154466032981872559e-01
1.059482336044311523e+00
9.398298859596252441e-01
8.916939496994018555e-01
1.001819372177124023e+00
1.208683967590332031e+00
9.028210043907165527e-01
1.276249289512634277e+00
8.857731223106384277e-01
8.951311707496643066e-01
1.128772974014282227e+00
1.136105418205261230e+00
1.136157989501953125e+00
1.136157989501953125e+00
1.028576374053955078e+00
9.082599282264709473e-01
1.114169359207153320e+00
1.216984987258911133e+00
9.899923801422119141e-01
1.068149685859680176e+00
1.143003582954406738e+00
3.901767730712890625e-01
8.334420919418334961e-01
1.016851186752319336e+00
1.016851186752319336e+00
6.578062772750854492e-01
1.025544166564941406e+00
1.247127771377563477e+00
8.959133625030517578e-01
1.106562495231628418e+00
8.912551403045654297e-01
9.671733379364013672e-01
9.806385636329650879e-01
9.891405105590820312e-01
1.191532969474792480e+00
8.244044184684753418e-01
1.210796952247619629e+00
9.834813475608825684e-01
1.164605498313903809e+00
1.155042290687561035e+00
1.017145514488220215e+00
9.172632694244384766e-01
9.172632694244384766e-01
1.102468490600585938e+00
1.084016084671020508e+00
1.149051427841186523e+00
1.032239794731140137e+00
1.906830310821533203e+00
9.889229536056518555e-01
9.166620373725891113e-01
9.902179241180419922e-01
1.229497790336608887e+00
1.174136996269226074e+00
7.571044564247131348e-01
1.615848422050476074e+00
1.305856943130493164e+00
1.147428035736083984e+00
1.155525445938110352e+00
1.545318841934204102e+00
1.178931474685668945e+00
1.095371723175048828e+00
1.161725878715515137e+00
1.011080503463745117e+00
1.823638200759887695e+00
1.168232083320617676e+00
1.025415301322937012e+00
9.329774975776672363e-01
1.171474456787109375e+00
7.204384803771972656e-01
2.171059131622314453e+00
1.338500976562500000e+00
1.181585788726806641e+00
1.027143239974975586e+00
1.134588122367858887e+00
1.181721687316894531e+00
1.413968920707702637e+00
1.182110309600830078e+00
1.164483785629272461e+00
1.109617829322814941e+00
1.109617829322814941e+00
1.399673223495483398e+00
1.444380879402160645e+00
9.945488572120666504e-01
-1.062524318695068359e-02
1.104276895523071289e+00
1.016224741935729980e+00
9.751064777374267578e-01
7.724941372871398926e-01
9.654881358146667480e-01
1.160167098045349121e+00
1.717057585716247559e+00
1.163453578948974609e+00
1.710988998413085938e+00
1.141758561134338379e+00
8.020183444023132324e-01
1.221091032028198242e+00
1.130103826522827148e+00
1.730641126632690430e+00
1.344421029090881348e+00
1.022478342056274414e+00
1.318026185035705566e+00
1.108027935028076172e+00
1.154226899147033691e+00
1.204509019851684570e+00
1.287450432777404785e+00
1.198121666908264160e+00
1.141818881034851074e+00
1.513707280158996582e+00
1.194673418998718262e+00
1.206546306610107422e+00
1.235238432884216309e+00
1.358376026153564453e+00
1.351197242736816406e+00
1.883893847465515137e+00
1.128800749778747559e+00
1.316781759262084961e+00
1.175542116165161133e+00
1.464201927185058594e+00
1.167510986328125000e+00
1.136543393135070801e+00
1.461171388626098633e+00
1.650481700897216797e+00
1.205614089965820312e+00
1.074414730072021484e+00
7.341280579566955566e-01
1.048129677772521973e+00
1.102782011032104492e+00
1.041438937187194824e+00
1.239190101623535156e+00
9.591956138610839844e-01
1.234051227569580078e+00
1.148712277412414551e+00
1.503802061080932617e+00
1.155357599258422852e+00
1.358524084091186523e+00
7.149913311004638672e-01
1.467907786369323730e+00
1.467907786369323730e+00
1.084520220756530762e+00
1.118203401565551758e+00
1.638071537017822266e+00
1.251321673393249512e+00
1.089551687240600586e+00
7.553026676177978516e-01
1.180628776550292969e+00
1.151026129722595215e+00
1.643299102783203125e+00
1.068144321441650391e+00
9.108054637908935547e-01
1.215607643127441406e+00
1.276245474815368652e+00
1.269701004028320312e+00
1.151621341705322266e+00
1.611477375030517578e+00
1.239764809608459473e+00
1.262076258659362793e+00
7.262611389160156250e-01
1.141966938972473145e+00
8.342123031616210938e-01
1.329297304153442383e+00
1.204244971275329590e+00
7.450914978981018066e-01
7.016963958740234375e-01
8.169877529144287109e-01
1.086291313171386719e+00
4.965193271636962891e-01
1.172869801521301270e+00
1.087309002876281738e+00
9.767085313796997070e-01
1.814776897430419922e+00
1.463169574737548828e+00
1.017579078674316406e+00
1.176037073135375977e+00
7.398130297660827637e-01
8.463220596313476562e-01
1.444861650466918945e+00
1.306803703308105469e+00
1.277597188949584961e+00
1.632678151130676270e+00
1.115912437438964844e+00
1.138066887855529785e+00
1.789200782775878906e+00
9.093458652496337891e-01
1.084674477577209473e+00
1.219594359397888184e+00
9.676430821418762207e-01
1.730603456497192383e+00
1.309396505355834961e+00
1.124485731124877930e+00
1.160969853401184082e+00
9.644316434860229492e-01
1.110098600387573242e+00
1.018997192382812500e+00
8.328247070312500000e-01
1.291736006736755371e+00
1.183814048767089844e+00
1.212985396385192871e+00
1.116582751274108887e+00
1.596209526062011719e+00
1.329059243202209473e+00
1.741068124771118164e+00
7.496333122253417969e-01
1.589563608169555664e+00
1.276362538337707520e+00
1.244538068771362305e+00
1.125601768493652344e+00
1.213558673858642578e+00
1.002002239227294922e+00
1.260157823562622070e+00
1.366740465164184570e+00
9.041458964347839355e-01
1.232663631439208984e+00
4.626268744468688965e-01
7.327699661254882812e-01
7.382578849792480469e-01
1.016761064529418945e+00
1.402527093887329102e+00
1.007861614227294922e+00
7.179147005081176758e-01
8.085580468177795410e-01
1.034188270568847656e+00
1.336881875991821289e+00
8.190889954566955566e-01
1.006694078445434570e+00
1.147521853446960449e+00
1.148713350296020508e+00
1.505814313888549805e+00
1.217433214187622070e+00
8.912022113800048828e-01
1.668664216995239258e+00
1.657184481620788574e+00
1.058198690414428711e+00
1.559579968452453613e+00
1.037265300750732422e+00
1.765725612640380859e+00
1.061123490333557129e+00
1.014804601669311523e+00
1.253802299499511719e+00
1.465528249740600586e+00
1.065075874328613281e+00
9.157384037971496582e-01
1.172113060951232910e+00
4.899633526802062988e-01
2.070678710937500000e+00
1.176757335662841797e+00
1.177199363708496094e+00
1.466655135154724121e+00
8.746420145034790039e-01
8.854209184646606445e-01
1.453874588012695312e+00
1.356746077537536621e+00
1.574300289154052734e+00
1.276026844978332520e+00
1.276026844978332520e+00
1.911716580390930176e+00
1.414053797721862793e+00
1.659020185470581055e+00
1.751458883285522461e+00
1.032147169113159180e+00
1.827427744865417480e+00
1.692509531974792480e+00
8.344290256500244141e-01
1.201452255249023438e+00
1.135699748992919922e+00
7.305966615676879883e-01
1.058199882507324219e+00
1.681459665298461914e+00
1.504979848861694336e+00
1.810844779014587402e+00
1.654961585998535156e+00
1.897217750549316406e+00
1.254218339920043945e+00
1.258884429931640625e+00
1.534719705581665039e+00
1.598490834236145020e+00
1.074450492858886719e+00
1.205492734909057617e+00
1.634206295013427734e+00
8.443618416786193848e-01
1.409109830856323242e+00
1.337741613388061523e+00
1.337741613388061523e+00
1.337741613388061523e+00
8.642002344131469727e-01
1.091196060180664062e+00
1.658844590187072754e+00
1.151720046997070312e+00
5.028608441352844238e-01
1.640800476074218750e+00
8.582482337951660156e-01
8.582482337951660156e-01
8.346276879310607910e-01
1.196148753166198730e+00
1.099373817443847656e+00
6.084026098251342773e-01
1.347297072410583496e+00
1.573213934898376465e+00
1.882843494415283203e+00
1.101827740669250488e+00
1.912998914718627930e+00
1.156921863555908203e+00
1.142275094985961914e+00
1.220780134201049805e+00
1.511943936347961426e+00
1.637834668159484863e+00
1.292730927467346191e+00
1.628963232040405273e+00
1.482108592987060547e+00
8.488203287124633789e-01
1.905711174011230469e+00
9.020816087722778320e-01
1.919195652008056641e+00
2.387307643890380859e+00
1.315362095832824707e+00
1.402885675430297852e+00
1.217548727989196777e+00
2.111737012863159180e+00
1.914996504783630371e+00
1.951691150665283203e+00
1.142258882522583008e+00
1.116369724273681641e+00
1.262664675712585449e+00
1.504387617111206055e+00
1.660288929939270020e+00
1.239520072937011719e+00
1.350736618041992188e+00
1.359674096107482910e+00
2.533198595046997070e-01
1.370664834976196289e+00
1.039716005325317383e+00
8.222022652626037598e-01
8.715569972991943359e-01
1.526061177253723145e+00
8.483846187591552734e-01
1.555989623069763184e+00
8.672661185264587402e-01
8.636066913604736328e-01
8.721752166748046875e-01
9.108147621154785156e-01
1.172140002250671387e+00
1.983428955078125000e+00
7.960461974143981934e-01
1.832082509994506836e+00
1.299699187278747559e+00
6.475984454154968262e-01
1.599897027015686035e+00
1.561064124107360840e+00
8.739091753959655762e-01
8.652276396751403809e-01
1.124405860900878906e+00
2.123333692550659180e+00
1.256209850311279297e+00
1.276023864746093750e+00
4.289399385452270508e-01
4.863209724426269531e-01
8.895988464355468750e-01
1.878457307815551758e+00
9.873476028442382812e-01
1.970453023910522461e+00
1.180724024772644043e+00
1.196433663368225098e+00
1.245812892913818359e+00
1.679624557495117188e+00
1.679624557495117188e+00
1.389986515045166016e+00
1.640360951423645020e+00
1.854019880294799805e+00
1.187756299972534180e+00
1.187756299972534180e+00
1.187756299972534180e+00
8.998264670372009277e-01
1.257859826087951660e+00
1.410610675811767578e+00
9.579937458038330078e-01
2.060456991195678711e+00
1.954257249832153320e+00
1.954257249832153320e+00
1.287042021751403809e+00
1.203786611557006836e+00
1.203300833702087402e+00
1.796556711196899414e+00
1.783980369567871094e+00
1.248481392860412598e+00
1.296524524688720703e+00
1.504810690879821777e+00
1.659647107124328613e+00
1.654685139656066895e+00
1.413697481155395508e+00
1.479066848754882812e+00
1.356458663940429688e+00
1.304443001747131348e+00
8.488059043884277344e-01
1.305948853492736816e+00
1.657152414321899414e+00
5.641065239906311035e-01
1.460867166519165039e+00
1.530479311943054199e+00
1.791408181190490723e+00
1.418089389801025391e+00
5.486428141593933105e-01
1.310813426971435547e+00
1.220070838928222656e+00
1.428615689277648926e+00
1.236045122146606445e+00
1.724226117134094238e+00
9.384708404541015625e-01
1.317600727081298828e+00
1.237878441810607910e+00
5.760211348533630371e-01
1.825784802436828613e+00
4.937003254890441895e-01
6.160658597946166992e-01
5.159718394279479980e-01
5.552892088890075684e-01
1.377487897872924805e+00
1.412938117980957031e+00
4.843411445617675781e-01
1.860965728759765625e+00
1.663362145423889160e+00
5.442695021629333496e-01
1.358885169029235840e+00
1.203951835632324219e+00
1.396397709846496582e+00
1.337989926338195801e+00
1.784503459930419922e+00
1.341817617416381836e+00
1.452179431915283203e+00
1.687495827674865723e+00
1.606626033782958984e+00
1.792025089263916016e+00
1.354243278503417969e+00
1.524834632873535156e+00
1.507148265838623047e+00
2.087319612503051758e+00
1.649518251419067383e+00
1.883679151535034180e+00
1.453541278839111328e+00
1.460754871368408203e+00
1.396272659301757812e+00
1.929786562919616699e+00
1.368020415306091309e+00
1.517246961593627930e+00
1.861741781234741211e+00
1.767134189605712891e+00
1.431572675704956055e+00
1.431572675704956055e+00
9.573948979377746582e-01
5.731438994407653809e-01
1.442078232765197754e+00
1.309593796730041504e+00
1.349833250045776367e+00
1.371714591979980469e+00
1.896601200103759766e+00
1.818180084228515625e+00
1.765177130699157715e+00
1.537038087844848633e+00
1.619483828544616699e+00
2.069063186645507812e+00
1.378215074539184570e+00
1.578657627105712891e+00
1.345906496047973633e+00
1.353003621101379395e+00
1.373750329017639160e+00
1.413956761360168457e+00
2.139186859130859375e+00
1.569592714309692383e+00
2.085114479064941406e+00
1.974718809127807617e+00
4.711412787437438965e-01
1.210118651390075684e+00
1.363305211067199707e+00
2.017480134963989258e+00
2.044700622558593750e+00
1.328461170196533203e+00
1.067243337631225586e+00
2.273177385330200195e+00
1.382114529609680176e+00
1.439244389533996582e+00
6.308100223541259766e-01
1.067853212356567383e+00
6.261491179466247559e-01
1.900055885314941406e+00
5.192849636077880859e-01
1.646340131759643555e+00
1.580420136451721191e+00
1.375842928886413574e+00
1.976292371749877930e+00
1.252916097640991211e+00
2.098308324813842773e+00
1.402496576309204102e+00
5.208202600479125977e-01
1.905752062797546387e+00
1.442123532295227051e+00
1.681918621063232422e+00
1.264783382415771484e+00
6.030939221382141113e-01
1.321038722991943359e+00
1.659300088882446289e+00
2.029834270477294922e+00
1.411017894744873047e+00
5.548322796821594238e-01
1.843109726905822754e+00
1.698550105094909668e+00
1.124381303787231445e+00
8.683741092681884766e-01
1.424871563911437988e+00
1.830580234527587891e+00
1.902720212936401367e+00
2.114460468292236328e+00
1.584164023399353027e+00
2.144832611083984375e+00
1.368793368339538574e+00
1.637881875038146973e+00
1.419475913047790527e+00
6.861043572425842285e-01
2.090786933898925781e+00
1.617960453033447266e+00
7.132822275161743164e-01
1.170243024826049805e+00
1.548603415489196777e+00
1.177595734596252441e+00
1.125604748725891113e+00
1.417375087738037109e+00
1.080257177352905273e+00
1.554337978363037109e+00
2.320115566253662109e+00
1.835454940795898438e+00
1.422074675559997559e+00
1.962656259536743164e+00
5.971973538398742676e-01
1.938236236572265625e+00
7.291175723075866699e-01
1.416908383369445801e+00
1.661179542541503906e+00
1.680547714233398438e+00
1.424703001976013184e+00
2.065021514892578125e+00
1.435962796211242676e+00
2.176757335662841797e+00
1.443488717079162598e+00
1.315412759780883789e+00
1.713787555694580078e+00
2.136192560195922852e+00
2.118556737899780273e+00
1.592425823211669922e+00
1.744009971618652344e+00
1.779737472534179688e+00
1.096940755844116211e+00
1.555787086486816406e+00
1.259160280227661133e+00
1.450173616409301758e+00
1.512178540229797363e+00
9.301683902740478516e-01
1.443693041801452637e+00
1.860987424850463867e+00
1.725740790367126465e+00
1.766011595726013184e+00
2.001504182815551758e+00
2.001504182815551758e+00
1.541239380836486816e+00
1.576682686805725098e+00
1.774956703186035156e+00
1.942687511444091797e+00
1.671582102775573730e+00
1.372059345245361328e+00
2.712742328643798828e+00
1.786342382431030273e+00
1.379139184951782227e+00
9.468754529953002930e-01
1.629604816436767578e+00
2.076045036315917969e+00
6.605323553085327148e-01
1.816394567489624023e+00
1.469332456588745117e+00
2.206595420837402344e+00
1.918211102485656738e+00
1.547459006309509277e+00
1.444548249244689941e+00
1.621842384338378906e+00
1.362273573875427246e+00
1.681665778160095215e+00
2.467410564422607422e+00
2.051315307617187500e+00
1.798076272010803223e+00
2.151073932647705078e+00
2.230349779129028320e+00
1.818252086639404297e+00
5.891152620315551758e-01
1.549076676368713379e+00
1.490626335144042969e+00
1.496529817581176758e+00
1.629019021987915039e+00
1.499811649322509766e+00
6.381207108497619629e-01
1.862511515617370605e+00
1.923584461212158203e+00
2.426233291625976562e+00
1.504273414611816406e+00
1.826277136802673340e+00
2.031604290008544922e+00
1.983876466751098633e+00
2.017694473266601562e+00
6.113336682319641113e-01
2.030588388442993164e+00
1.867290973663330078e+00
2.098246097564697266e+00
1.375431060791015625e+00
1.392038941383361816e+00
2.071816921234130859e+00
2.173313617706298828e+00
1.891295552253723145e+00
1.891295552253723145e+00
2.202990531921386719e+00
1.968084335327148438e+00
2.071200370788574219e+00
1.653593540191650391e+00
1.017590165138244629e+00
1.526858806610107422e+00
2.027262210845947266e+00
1.320767641067504883e+00
1.521781682968139648e+00
4.761337041854858398e-01
2.036905050277709961e+00
1.627927660942077637e+00
1.627927660942077637e+00
1.931032299995422363e+00
1.931032299995422363e+00
1.530901908874511719e+00
1.072358965873718262e+00
1.580839037895202637e+00
2.067505359649658203e+00
1.841182708740234375e+00
2.140498399734497070e+00
5.903493762016296387e-01
1.633493304252624512e+00
2.517956256866455078e+00
1.614708304405212402e+00
1.854687213897705078e+00
1.557226777076721191e+00
1.613563776016235352e+00
1.741810798645019531e+00
2.063427209854125977e+00
1.463329672813415527e+00
1.221134662628173828e+00
1.706000566482543945e+00
1.304358124732971191e+00
1.950954079627990723e+00
1.593277692794799805e+00
1.688735008239746094e+00
1.625479817390441895e+00
2.172566413879394531e+00
2.009259462356567383e+00
1.158075213432312012e+00
1.627226471900939941e+00
1.465170145034790039e+00
1.537971735000610352e+00
1.566414237022399902e+00
6.877916455268859863e-01
1.508628964424133301e+00
1.571315765380859375e+00
1.054718732833862305e+00
2.018548727035522461e+00
1.705919742584228516e+00
1.582152724266052246e+00
1.585476517677307129e+00
1.666886448860168457e+00
1.585587501525878906e+00
2.201003551483154297e+00
1.693535089492797852e+00
1.587314128875732422e+00
1.995834827423095703e+00
1.588940739631652832e+00
1.601755499839782715e+00
1.280529856681823730e+00
1.584806442260742188e+00
1.750147819519042969e+00
1.683081269264221191e+00
1.426875114440917969e+00
1.613331556320190430e+00
7.241291999816894531e-01
1.617317557334899902e+00
1.607510328292846680e+00
1.692767620086669922e+00
1.962923288345336914e+00
1.603843092918395996e+00
1.536695480346679688e+00
1.997423291206359863e+00
1.668932080268859863e+00
1.703487157821655273e+00
1.616469383239746094e+00
1.855187892913818359e+00
1.655260205268859863e+00
8.265521526336669922e-01
1.626130342483520508e+00
1.674734354019165039e+00
1.792394638061523438e+00
1.976982951164245605e+00
2.253844499588012695e+00
1.354851126670837402e+00
7.294456958770751953e-01
2.013158798217773438e+00
1.313874363899230957e+00
6.458054184913635254e-01
1.362973213195800781e+00
2.027168989181518555e+00
1.592183828353881836e+00
2.018172979354858398e+00
1.644894838333129883e+00
1.892679214477539062e+00
1.382851481437683105e+00
1.594266057014465332e+00
2.497134447097778320e+00
1.674227237701416016e+00
1.670524477958679199e+00
2.489294290542602539e+00
2.432194232940673828e+00
1.761226296424865723e+00
1.664078593254089355e+00
1.664514780044555664e+00
1.817419648170471191e+00
2.079736471176147461e+00
1.873039245605468750e+00
1.931602954864501953e+00
7.376796007156372070e-01
1.813194274902343750e+00
1.976389884948730469e+00
1.675060987472534180e+00
1.654851555824279785e+00
1.635337352752685547e+00
1.756272435188293457e+00
1.554510593414306641e+00
1.511123776435852051e+00
1.770735859870910645e+00
1.831419587135314941e+00
1.929423332214355469e+00
1.706956505775451660e+00
2.655810117721557617e+00
2.211889505386352539e+00
1.134877681732177734e+00
2.181177377700805664e+00
1.370924592018127441e+00
1.816341876983642578e+00
2.405024528503417969e+00
2.223196268081665039e+00
2.242489337921142578e+00
3.327374935150146484e+00
2.240136623382568359e+00
1.906042575836181641e+00
1.709868431091308594e+00
2.067076921463012695e+00
1.677089452743530273e+00
1.663500666618347168e+00
2.263437747955322266e+00
1.774441003799438477e+00
2.232865571975708008e+00
2.170989274978637695e+00
1.715725421905517578e+00
1.716364860534667969e+00
1.630263328552246094e+00
1.790748119354248047e+00
2.525334835052490234e+00
2.122516632080078125e+00
2.924356460571289062e+00
1.637099027633666992e+00
1.620254397392272949e+00
1.805959701538085938e+00
1.237850666046142578e+00
5.772832632064819336e-01
1.707465410232543945e+00
1.701414227485656738e+00
2.180092334747314453e+00
2.428371191024780273e+00
1.800844311714172363e+00
1.795869350433349609e+00
1.681882143020629883e+00
1.660357832908630371e+00
1.030445575714111328e+00
1.417709112167358398e+00
2.354780912399291992e+00
1.734454989433288574e+00
2.089374780654907227e+00
2.056229114532470703e+00
2.704215049743652344e+00
1.652694821357727051e+00
1.737260222434997559e+00
2.519736289978027344e+00
2.245697021484375000e+00
1.966758370399475098e+00
1.723785638809204102e+00
1.935876727104187012e+00
1.834789633750915527e+00
6.945669651031494141e-01
2.008676052093505859e+00
1.706515192985534668e+00
2.735268592834472656e+00
2.002144575119018555e+00
2.203794717788696289e+00
1.752928256988525391e+00
1.738356947898864746e+00
2.360074758529663086e+00
2.041301250457763672e+00
1.758977770805358887e+00
1.626232624053955078e+00
1.743625760078430176e+00
1.414874911308288574e+00
2.125484466552734375e+00
2.576586246490478516e+00
1.790774464607238770e+00
1.672462224960327148e+00
1.757283329963684082e+00
1.848327398300170898e+00
2.865562915802001953e+00
2.195905685424804688e+00
1.959914445877075195e+00
2.074861764907836914e+00
1.943395853042602539e+00
2.348321437835693359e+00
2.418003082275390625e+00
1.920596957206726074e+00
2.019398450851440430e+00
1.896432042121887207e+00
2.023958206176757812e+00
1.785394310951232910e+00
8.935505747795104980e-01
1.775599122047424316e+00
1.762376308441162109e+00
8.568422794342041016e-01
2.179650306701660156e+00
1.730493664741516113e+00
2.083929061889648438e+00
1.270750522613525391e+00
2.187231540679931641e+00
1.795058012008666992e+00
2.010228395462036133e+00
1.799305677413940430e+00
2.328831911087036133e+00
1.866991162300109863e+00
1.782444834709167480e+00
1.880450129508972168e+00
2.435791254043579102e+00
1.865819811820983887e+00
2.110882520675659180e+00
2.244414806365966797e+00
1.348875999450683594e+00
1.809665083885192871e+00
1.878446817398071289e+00
1.815223336219787598e+00
1.708290338516235352e+00
1.800843715667724609e+00
1.821262836456298828e+00
2.742011070251464844e+00
2.316104173660278320e+00
1.806663990020751953e+00
2.573958158493041992e+00
1.775505065917968750e+00
2.031893491744995117e+00
1.844379425048828125e+00
1.874561190605163574e+00
1.993101477622985840e+00
2.134343624114990234e+00
7.428057193756103516e-01
1.851988196372985840e+00
1.882558941841125488e+00
1.841013431549072266e+00
2.430449485778808594e+00
1.949992895126342773e+00
2.106745004653930664e+00
1.940912485122680664e+00
1.836736321449279785e+00
1.916175127029418945e+00
1.841714024543762207e+00
1.931143522262573242e+00
1.854475021362304688e+00
1.828534722328186035e+00
1.824158191680908203e+00
1.866713881492614746e+00
1.821670889854431152e+00
2.143067359924316406e+00
1.614627957344055176e+00
1.507240772247314453e+00
1.906132340431213379e+00
1.317131876945495605e+00
1.421419382095336914e+00
3.262736797332763672e+00
2.027651071548461914e+00
2.178984165191650391e+00
1.863802194595336914e+00
1.968783020973205566e+00
2.081764221191406250e+00
1.889434099197387695e+00
1.892538785934448242e+00
1.886947393417358398e+00
1.746665835380554199e+00
2.077935934066772461e+00
1.924748897552490234e+00
2.270599126815795898e+00
1.496893167495727539e+00
3.231048107147216797e+00
1.885499835014343262e+00
2.033574819564819336e+00
1.951972961425781250e+00
1.903632164001464844e+00
1.910485625267028809e+00
1.907348632812500000e+00
2.310632228851318359e+00
1.525957226753234863e+00
2.046964883804321289e+00
1.896621584892272949e+00
1.915440082550048828e+00
2.596736431121826172e+00
1.897243976593017578e+00
1.920009136199951172e+00
1.954265236854553223e+00
2.630034446716308594e+00
1.903001070022583008e+00
1.994274735450744629e+00
2.531153202056884766e+00
2.783303737640380859e+00
1.674986124038696289e+00
1.927882432937622070e+00
1.738509654998779297e+00
1.956239342689514160e+00
3.428425073623657227e+00
2.003999233245849609e+00
2.318400144577026367e+00
1.912565708160400391e+00
2.527805805206298828e+00
2.267238378524780273e+00
2.295724630355834961e+00
2.374804735183715820e+00
1.891613960266113281e+00
2.202135324478149414e+00
2.087235927581787109e+00
1.949743747711181641e+00
1.988641977310180664e+00
1.870823025703430176e+00
1.842016339302062988e+00
2.490286350250244141e+00
1.961732387542724609e+00
2.463316679000854492e+00
2.705652236938476562e+00
2.552940368652343750e+00
2.007121324539184570e+00
1.506581306457519531e+00
2.626426696777343750e+00
2.408492565155029297e+00
1.716236352920532227e+00
1.911976218223571777e+00
1.958865046501159668e+00
1.965741872787475586e+00
1.881105661392211914e+00
1.961006999015808105e+00
1.951187372207641602e+00
1.922320008277893066e+00
2.112600326538085938e+00
2.393349647521972656e+00
1.311794042587280273e+00
2.220471858978271484e+00
2.195783853530883789e+00
1.978623151779174805e+00
2.442839622497558594e+00
1.982331514358520508e+00
2.660199880599975586e+00
2.206077575683593750e+00
1.964107871055603027e+00
2.772079944610595703e+00
1.987234830856323242e+00
1.836840391159057617e+00
1.864780187606811523e+00
1.968249917030334473e+00
2.206724166870117188e+00
1.840842604637145996e+00
2.232871294021606445e+00
1.832225084304809570e+00
1.938044309616088867e+00
1.979977369308471680e+00
1.978387355804443359e+00
2.854228496551513672e+00
2.023078441619873047e+00
1.677330136299133301e+00
1.829028725624084473e+00
2.005460023880004883e+00
2.042395353317260742e+00
1.815279960632324219e+00
2.220588207244873047e+00
2.024698257446289062e+00
2.499204397201538086e+00
2.012459039688110352e+00
2.572051286697387695e+00
2.043302536010742188e+00
1.916055440902709961e+00
2.132523775100708008e+00
1.927636504173278809e+00
2.487758398056030273e+00
2.597085952758789062e+00
2.019257068634033203e+00
2.019257068634033203e+00
2.059602022171020508e+00
2.151579141616821289e+00
1.998540043830871582e+00
2.117719888687133789e+00
2.644483089447021484e+00
2.278137922286987305e+00
2.834250688552856445e+00
2.029348134994506836e+00
2.435982227325439453e+00
1.945077419281005859e+00
2.508422613143920898e+00
2.082942008972167969e+00
2.551806926727294922e+00
1.860183954238891602e+00
2.040114402770996094e+00
2.296459436416625977e+00
2.041080951690673828e+00
2.179559946060180664e+00
2.090034723281860352e+00
2.158034086227416992e+00
2.202225208282470703e+00
3.774886369705200195e+00
2.063234329223632812e+00
1.937411069869995117e+00
2.533466815948486328e+00
2.035491228103637695e+00
2.957294464111328125e+00
2.195249795913696289e+00
2.052990913391113281e+00
1.997073650360107422e+00
2.359703302383422852e+00
1.973453998565673828e+00
1.907914638519287109e+00
2.885400056838989258e+00
4.274828910827636719e+00
2.038391590118408203e+00
2.048436164855957031e+00
2.256504774093627930e+00
2.208843946456909180e+00
2.066242694854736328e+00
3.050859451293945312e+00
2.081896305084228516e+00
2.148566007614135742e+00
1.921740531921386719e+00
2.047005176544189453e+00
2.077242374420166016e+00
2.252941131591796875e+00
2.169055938720703125e+00
2.357935428619384766e+00
2.054777860641479492e+00
2.396246433258056641e+00
2.619952678680419922e+00
2.083856344223022461e+00
2.262748479843139648e+00
2.085956573486328125e+00
2.086794853210449219e+00
2.086665868759155273e+00
2.375443220138549805e+00
2.535120248794555664e+00
2.163553714752197266e+00
2.775228977203369141e+00
2.054132223129272461e+00
1.985736012458801270e+00
2.158203840255737305e+00
2.263936996459960938e+00
2.419309139251708984e+00
2.097896099090576172e+00
1.911087155342102051e+00
2.672337532043457031e+00
2.374752998352050781e+00
2.069306135177612305e+00
1.999592900276184082e+00
2.237484216690063477e+00
2.104108333587646484e+00
1.816388845443725586e+00
2.105988979339599609e+00
2.780529499053955078e+00
2.178907155990600586e+00
2.139716148376464844e+00
2.431708097457885742e+00
2.539139747619628906e+00
2.195921421051025391e+00
2.179136037826538086e+00
3.057554483413696289e+00
9.338240623474121094e-01
2.194006443023681641e+00
1.968478560447692871e+00
2.022379398345947266e+00
2.125349521636962891e+00
2.599735975265502930e+00
2.340157270431518555e+00
2.762466907501220703e+00
2.278838634490966797e+00
2.507692337036132812e+00
2.164105415344238281e+00
2.093039274215698242e+00
2.135020017623901367e+00
2.747296810150146484e+00
2.184481859207153320e+00
2.145875453948974609e+00
2.648892164230346680e+00
2.868129253387451172e+00
2.391092061996459961e+00
2.146612405776977539e+00
2.102306604385375977e+00
2.752537250518798828e+00
2.194814205169677734e+00
2.219478368759155273e+00
1.977559328079223633e+00
2.150755643844604492e+00
2.763132095336914062e+00
2.112305402755737305e+00
2.124757528305053711e+00
2.137429475784301758e+00
2.830774545669555664e+00
2.162170648574829102e+00
2.450360536575317383e+00
1.892061948776245117e+00
2.190382242202758789e+00
2.202354431152343750e+00
2.484105825424194336e+00
2.421436548233032227e+00
2.172832012176513672e+00
2.164928197860717773e+00
2.033819437026977539e+00
2.174630165100097656e+00
2.964971542358398438e+00
2.144155740737915039e+00
2.333772420883178711e+00
2.156132221221923828e+00
2.174877882003784180e+00
1.888608932495117188e+00
2.211981534957885742e+00
1.948413372039794922e+00
2.699010848999023438e+00
2.190361976623535156e+00
2.194906473159790039e+00
2.350009441375732422e+00
1.915960073471069336e+00
2.208705663681030273e+00
2.191332578659057617e+00
2.604654312133789062e+00
2.197376728057861328e+00
1.972779870033264160e+00
2.352931976318359375e+00
2.511959791183471680e+00
1.999810814857482910e+00
2.708843231201171875e+00
1.888358712196350098e+00
2.343962430953979492e+00
2.178518056869506836e+00
1.985120534896850586e+00
2.984037876129150391e+00
2.096416711807250977e+00
2.924501180648803711e+00
2.318940401077270508e+00
2.363476037979125977e+00
2.580287218093872070e+00
2.450653314590454102e+00
2.227811813354492188e+00
2.797574996948242188e+00
2.508311748504638672e+00
2.208921432495117188e+00
2.405372381210327148e+00
2.268961906433105469e+00
2.215778350830078125e+00
2.232829332351684570e+00
2.226259231567382812e+00
2.965360641479492188e+00
2.043788909912109375e+00
2.389767646789550781e+00
2.241603851318359375e+00
2.936393976211547852e+00
2.311956167221069336e+00
2.227773189544677734e+00
2.248347282409667969e+00
2.602300405502319336e+00
2.978364229202270508e+00
2.416983842849731445e+00
2.069001674652099609e+00
2.124127864837646484e+00
2.238056182861328125e+00
2.813510417938232422e+00
1.842478275299072266e+00
2.823974609375000000e+00
2.595505237579345703e+00
2.708065271377563477e+00
2.330940961837768555e+00
2.589474439620971680e+00
2.266715288162231445e+00
2.103930473327636719e+00
2.202990055084228516e+00
2.284228801727294922e+00
2.232194900512695312e+00
2.407402515411376953e+00
2.470867395401000977e+00
2.032602310180664062e+00
2.604564428329467773e+00
2.358415126800537109e+00
2.455726146697998047e+00
2.218469381332397461e+00
2.778990268707275391e+00
2.278424263000488281e+00
2.279027462005615234e+00
2.272265672683715820e+00
2.279931545257568359e+00
2.438445329666137695e+00
2.381818294525146484e+00
2.759767055511474609e+00
2.555632591247558594e+00
2.029607057571411133e+00
2.269946336746215820e+00
1.826464295387268066e+00
3.242784023284912109e+00
2.346568822860717773e+00
2.215906620025634766e+00
2.784801959991455078e+00
2.556150197982788086e+00
2.295115470886230469e+00
2.641205310821533203e+00
2.325750112533569336e+00
1.766390085220336914e+00
2.892737388610839844e+00
4.627904891967773438e+00
2.393798828125000000e+00
2.512233257293701172e+00
2.299305200576782227e+00
1.976127147674560547e+00
3.169513940811157227e+00
2.381242513656616211e+00
2.301301002502441406e+00
2.146719694137573242e+00
2.123652219772338867e+00
2.233236789703369141e+00
2.502710819244384766e+00
2.319177627563476562e+00
3.631640195846557617e+00
2.511783838272094727e+00
2.381226778030395508e+00
2.407404184341430664e+00
2.246728897094726562e+00
2.333683967590332031e+00
2.955384731292724609e+00
2.274026393890380859e+00
3.767851352691650391e+00
2.725409746170043945e+00
2.204604387283325195e+00
2.540414094924926758e+00
2.268253326416015625e+00
2.515470266342163086e+00
2.174401521682739258e+00
2.544618368148803711e+00
3.009445667266845703e+00
2.303609371185302734e+00
3.476424217224121094e+00
2.252376079559326172e+00
2.383723497390747070e+00
2.327285051345825195e+00
2.292586088180541992e+00
2.336468935012817383e+00
2.527807950973510742e+00
2.566742897033691406e+00
2.851588726043701172e+00
2.313701868057250977e+00
2.858006000518798828e+00
2.452834844589233398e+00
2.572694540023803711e+00
2.312480211257934570e+00
2.367605209350585938e+00
2.314341545104980469e+00
2.371184349060058594e+00
2.163496255874633789e+00
2.356859207153320312e+00
2.186650753021240234e+00
2.331786632537841797e+00
2.376698017120361328e+00
2.192137718200683594e+00
2.908527612686157227e+00
2.351548910140991211e+00
2.380504608154296875e+00
2.381141662597656250e+00
2.383674621582031250e+00
2.568075180053710938e+00
3.021645545959472656e+00
2.355108737945556641e+00
2.376149177551269531e+00
2.385333538055419922e+00
2.489172458648681641e+00
2.304640531539916992e+00
2.388284683227539062e+00
2.392003536224365234e+00
2.390509605407714844e+00
2.546545028686523438e+00
2.700447082519531250e+00
4.198832511901855469e+00
2.562882184982299805e+00
2.401294231414794922e+00
2.178662061691284180e+00
2.718048334121704102e+00
2.348801612854003906e+00
2.405532836914062500e+00
1.735186576843261719e+00
2.320198774337768555e+00
2.379489421844482422e+00
2.563382387161254883e+00
2.296329975128173828e+00
2.621748447418212891e+00
2.554926872253417969e+00
2.716810941696166992e+00
2.419790267944335938e+00
2.512862682342529297e+00
2.379721403121948242e+00
3.161294698715209961e+00
2.774751663208007812e+00
2.601998567581176758e+00
2.429893970489501953e+00
3.661877632141113281e+00
2.441238164901733398e+00
2.599770545959472656e+00
2.435066223144531250e+00
2.506544828414916992e+00
2.630427837371826172e+00
3.034783601760864258e+00
2.439161777496337891e+00
2.439895629882812500e+00
2.439772605895996094e+00
2.901128768920898438e+00
2.619715929031372070e+00
2.448169231414794922e+00
2.399679422378540039e+00
2.321279764175415039e+00
2.480379343032836914e+00
1.696130752563476562e+00
2.640256404876708984e+00
2.640256404876708984e+00
2.456760883331298828e+00
2.427942037582397461e+00
2.537179231643676758e+00
2.457752704620361328e+00
2.622578382492065430e+00
2.458068132400512695e+00
2.380234003067016602e+00
3.025505542755126953e+00
2.869693517684936523e+00
2.449033498764038086e+00
2.844214916229248047e+00
2.650189876556396484e+00
2.795637130737304688e+00
2.443966388702392578e+00
2.322100162506103516e+00
2.475168704986572266e+00
2.723429203033447266e+00
2.523913860321044922e+00
3.207169294357299805e+00
2.478704452514648438e+00
2.847091197967529297e+00
2.479357004165649414e+00
2.467047214508056641e+00
2.488035202026367188e+00
2.489189147949218750e+00
2.488330841064453125e+00
2.492062568664550781e+00
2.756805181503295898e+00
2.863952159881591797e+00
2.134248256683349609e+00
2.469172477722167969e+00
2.288990020751953125e+00
2.645785331726074219e+00
2.355961322784423828e+00
2.499567508697509766e+00
2.196752786636352539e+00
2.742973804473876953e+00
2.506422996520996094e+00
2.455616950988769531e+00
2.506717443466186523e+00
2.500423669815063477e+00
2.559345483779907227e+00
2.991369724273681641e+00
2.510901927947998047e+00
3.573828697204589844e+00
2.385215520858764648e+00
2.512635707855224609e+00
2.634363174438476562e+00
2.515071630477905273e+00
3.862668037414550781e+00
2.472891569137573242e+00
2.538305759429931641e+00
2.939723253250122070e+00
3.148837327957153320e+00
2.705858707427978516e+00
2.578087806701660156e+00
2.527747869491577148e+00
2.599008560180664062e+00
2.627258300781250000e+00
2.531330108642578125e+00
2.533285617828369141e+00
2.533285617828369141e+00
2.533285617828369141e+00
2.533360481262207031e+00
2.793370962142944336e+00
2.852640151977539062e+00
2.536687374114990234e+00
3.143211841583251953e+00
2.539902687072753906e+00
3.787116289138793945e+00
2.678870916366577148e+00
2.678870916366577148e+00
2.541051864624023438e+00
2.847868204116821289e+00
2.413349151611328125e+00
2.461097717285156250e+00
3.375511407852172852e+00
3.153370380401611328e+00
2.518759727478027344e+00
2.682331085205078125e+00
3.007350921630859375e+00
2.817960023880004883e+00
2.477913379669189453e+00
2.841072559356689453e+00
2.969791412353515625e+00
2.493435621261596680e+00
2.595994234085083008e+00
