-4.551215767860412598e-01
3.832626342773437500e-01
3.659884929656982422e-01
3.653047680854797363e-01
-9.172970801591873169e-02
1.745574362576007843e-02
-4.619933366775512695e-01
5.004448890686035156e-01
3.418804407119750977e-01
4.439028203487396240e-01
3.183507323265075684e-01
6.976429373025894165e-02
-1.204855293035507202e-01
1.136041060090065002e-01
-4.141474664211273193e-01
-1.260652542114257812e-01
4.958518147468566895e-01
4.613908529281616211e-01
2.848300337791442871e-01
-3.181940019130706787e-01
-3.002690374851226807e-01
-2.281086295843124390e-01
-1.054548919200897217e-01
-4.540575295686721802e-02
4.699936211109161377e-01
2.537440508604049683e-03
-4.657685756683349609e-03
-1.342400461435317993e-01
5.324749946594238281e-01
-3.934867084026336670e-01
-2.162403613328933716e-01
3.346505761146545410e-01
4.715508818626403809e-01
6.098380312323570251e-02
3.594668209552764893e-02
7.625484466552734375e-02
2.299925535917282104e-01
4.840213060379028320e-01
3.779885917901992798e-02
2.557331323623657227e-01
3.382606506347656250e-01
2.288067638874053955e-01
3.971033096313476562e-01
-2.973711490631103516e-01
5.602858960628509521e-03
4.910643398761749268e-02
6.431216001510620117e-02
3.439287543296813965e-01
-2.009837031364440918e-01
2.361254990100860596e-01
4.950172901153564453e-01
-3.083679974079132080e-01
6.572384834289550781e-01
6.679403185844421387e-01
-5.464676767587661743e-03
5.427413582801818848e-01
6.339498162269592285e-01
2.855198383331298828e-01
-1.204041987657546997e-01
-1.353954523801803589e-01
2.275456786155700684e-01
-1.156124249100685120e-01
3.283237814903259277e-01
4.103647470474243164e-01
-3.492679446935653687e-02
1.725910007953643799e-01
4.903725162148475647e-02
-2.097728550434112549e-01
4.844024777412414551e-01
4.575013518333435059e-01
2.853227853775024414e-01
-7.195670604705810547e-01
1.223495081067085266e-01
-3.082451522350311279e-01
-5.684236437082290649e-02
-2.449644505977630615e-01
4.182499647140502930e-01
-3.592599928379058838e-01
-1.158286035060882568e-01
2.854589819908142090e-01
6.132844090461730957e-01
-3.792871832847595215e-01
3.608512282371520996e-01
4.725707769393920898e-01
5.194158554077148438e-01
2.740799784660339355e-01
5.492365956306457520e-01
5.311474800109863281e-01
-3.973366320133209229e-01
9.866163134574890137e-02
3.872973918914794922e-01
-3.831791877746582031e-01
3.966595828533172607e-01
1.761582642793655396e-01
-4.259246289730072021e-01
3.158539235591888428e-01
-1.930561959743499756e-01
4.409629702568054199e-01
-1.843908131122589111e-01
3.133704364299774170e-01
3.931236863136291504e-01
4.244438409805297852e-01
-9.752856194972991943e-02
2.557924389839172363e-02
-1.626763492822647095e-02
-2.611503899097442627e-01
1.846068203449249268e-01
7.187984883785247803e-02
-1.167566329240798950e-01
-7.947668433189392090e-03
7.095181196928024292e-02
8.257174491882324219e-02
-1.699186414480209351e-01
-1.042599603533744812e-01
8.463025093078613281e-02
-3.372093439102172852e-01
-2.853458225727081299e-01
-2.034772485494613647e-01
-1.714459657669067383e-01
-1.478702574968338013e-01
4.834001362323760986e-01
-2.494715750217437744e-01
5.324461460113525391e-01
-2.664506435394287109e-01
4.155296087265014648e-01
-4.897329211235046387e-02
1.385808289051055908e-01
6.530327796936035156e-01
5.984200909733772278e-02
1.897794902324676514e-01
1.957918405532836914e-01
2.911098003387451172e-01
-4.858289659023284912e-01
4.478454589843750000e-02
2.408325523138046265e-01
-4.078633487224578857e-01
-4.430729150772094727e-02
-4.868955910205841064e-02
9.042755514383316040e-02
6.982427090406417847e-02
-2.919496297836303711e-01
7.287159562110900879e-01
7.834012806415557861e-02
4.993326961994171143e-02
-8.926490545272827148e-01
-2.500419616699218750e-01
2.912687957286834717e-01
-5.806431174278259277e-02
-2.195018827915191650e-01
-2.123272120952606201e-01
6.951653212308883667e-02
3.270091116428375244e-02
5.023580789566040039e-01
-9.397715330123901367e-04
1.523042470216751099e-01
-1.958888471126556396e-01
4.488018453121185303e-01
-4.269042015075683594e-01
5.004862695932388306e-02
2.524074316024780273e-01
3.574386835098266602e-01
-7.832805812358856201e-02
-1.565477252006530762e-02
-2.136708796024322510e-01
1.528788506984710693e-01
3.820175230503082275e-01
-4.664988815784454346e-02
4.531145989894866943e-01
2.278665453195571899e-01
-4.066030681133270264e-02
1.473622620105743408e-01
4.810611605644226074e-01
1.480949223041534424e-01
2.638324201107025146e-01
4.195028543472290039e-01
8.581897616386413574e-02
-2.812007665634155273e-01
2.156422287225723267e-01
5.202370882034301758e-01
-1.801016926765441895e-01
6.953433156013488770e-02
3.786212205886840820e-01
2.755181491374969482e-02
1.217094436287879944e-01
4.560331702232360840e-01
3.250271975994110107e-01
4.186293780803680420e-01
-1.777548789978027344e-01
-2.892647683620452881e-02
-1.666620373725891113e-03
-3.709016740322113037e-02
5.383992791175842285e-01
4.442881345748901367e-01
7.826694846153259277e-02
2.296343892812728882e-01
3.356562256813049316e-01
2.025603950023651123e-01
4.487757086753845215e-01
5.363714098930358887e-01
-8.618676662445068359e-02
-1.009726077318191528e-01
9.658016264438629150e-02
7.893536239862442017e-02
6.020687222480773926e-01
-2.731223106384277344e-01
-5.493660271167755127e-02
1.314979195594787598e-01
4.605494141578674316e-01
4.109364449977874756e-01
9.305689483880996704e-02
1.706449389457702637e-01
2.682165503501892090e-01
-2.146692276000976562e-01
-1.165229231119155884e-01
-6.459153294563293457e-01
-1.469618976116180420e-01
1.756457984447479248e-01
1.932007968425750732e-01
4.752750694751739502e-01
2.886041998863220215e-01
4.054415225982666016e-02
1.784784346818923950e-01
-8.924275636672973633e-03
-2.597879767417907715e-01
-7.679576873779296875e-01
3.292650580406188965e-01
4.821390509605407715e-01
8.528869599103927612e-02
3.991634249687194824e-01
1.462104767560958862e-01
1.870711296796798706e-01
2.035762220621109009e-01
4.125806689262390137e-01
-3.533269464969635010e-02
-2.125975042581558228e-01
4.366954565048217773e-01
-2.114800959825515747e-01
-1.912053078413009644e-01
1.999074220657348633e-02
1.668266952037811279e-01
3.075583279132843018e-02
3.219963908195495605e-01
8.818683028221130371e-02
4.719130992889404297e-01
1.616838276386260986e-01
5.205963253974914551e-01
2.511300742626190186e-01
-3.083474040031433105e-01
6.409496068954467773e-01
3.754968941211700439e-01
4.077365398406982422e-01
4.984389245510101318e-01
3.282075524330139160e-01
1.082037389278411865e-02
1.356904208660125732e-01
4.834674000740051270e-01
3.228795528411865234e-01
2.115812748670578003e-01
3.034670352935791016e-01
3.999988734722137451e-01
4.229699075222015381e-02
3.658720254898071289e-01
-4.941177368164062500e-02
2.647393941879272461e-01
-5.523145198822021484e-02
4.184677004814147949e-01
3.472024202346801758e-01
4.817110896110534668e-01
-4.173201322555541992e-02
2.355190068483352661e-01
5.651093125343322754e-01
2.550404667854309082e-01
4.434528946876525879e-01
-2.740674316883087158e-01
-1.482009440660476685e-01
8.685648441314697266e-03
-9.003440737724304199e-01
4.142650365829467773e-01
5.068275332450866699e-01
-2.009793817996978760e-01
4.665198028087615967e-01
3.481991589069366455e-02
2.913978695869445801e-02
-2.862945199012756348e-03
1.002611964941024780e-01
1.081169694662094116e-01
2.333635836839675903e-01
6.105285882949829102e-01
3.956997394561767578e-01
1.923814415931701660e-02
2.402060925960540771e-01
-9.206436574459075928e-02
-4.001836478710174561e-02
-2.419532835483551025e-01
2.431120723485946655e-01
3.220273554325103760e-02
6.669479608535766602e-02
4.448263049125671387e-01
7.151256203651428223e-01
-7.685895264148712158e-02
1.797633618116378784e-01
3.194316625595092773e-01
6.086475849151611328e-01
2.517581284046173096e-01
-2.175214886665344238e-01
6.330879926681518555e-01
5.645575523376464844e-01
6.237381100654602051e-01
5.274771451950073242e-01
2.545553147792816162e-01
3.135120272636413574e-01
5.692439079284667969e-01
3.592870831489562988e-01
5.934513211250305176e-01
4.422065615653991699e-01
9.485746920108795166e-02
3.275736272335052490e-01
4.848273098468780518e-02
-4.040209650993347168e-01
1.140926480293273926e-01
3.545267283916473389e-01
6.882860064506530762e-01
6.636950373649597168e-01
4.384108185768127441e-01
4.466532468795776367e-01
6.211191415786743164e-03
2.659604847431182861e-01
7.757313251495361328e-01
8.569936156272888184e-01
4.176093935966491699e-01
-7.123544812202453613e-02
4.421561956405639648e-02
2.710852324962615967e-01
4.934397339820861816e-01
6.740391254425048828e-01
3.658242523670196533e-01
7.450044155120849609e-01
2.494635879993438721e-01
-8.534795045852661133e-02
-1.677832007408142090e-02
6.209433674812316895e-01
-2.438997924327850342e-01
6.673857569694519043e-01
7.403473258018493652e-01
2.159884721040725708e-01
-3.447259068489074707e-01
2.884077429771423340e-01
2.828259468078613281e-01
5.401501059532165527e-01
5.053686499595642090e-01
4.845264554023742676e-01
-4.877695441246032715e-02
5.044272541999816895e-01
3.923042714595794678e-01
5.654881894588470459e-02
4.946603775024414062e-01
5.924011468887329102e-01
-1.615732908248901367e-03
5.972275733947753906e-01
1.144010871648788452e-01
-9.992066025733947754e-02
5.199394226074218750e-01
5.199394226074218750e-01
-5.457848310470581055e-02
4.108082950115203857e-01
1.040504574775695801e-01
1.541696637868881226e-01
4.972863793373107910e-01
-2.610268294811248779e-01
9.976202249526977539e-02
3.872144222259521484e-02
-1.140002608299255371e-01
-5.430012941360473633e-03
4.146454334259033203e-01
6.235385537147521973e-01
1.111699640750885010e-01
-1.246525049209594727e-01
5.071595311164855957e-02
5.651780366897583008e-01
6.098843812942504883e-01
4.108787775039672852e-01
4.108787775039672852e-01
-4.546166360378265381e-01
4.511584043502807617e-01
5.602039098739624023e-01
-2.532444298267364502e-01
9.510517120361328125e-04
3.102293312549591064e-01
6.005884408950805664e-01
4.707824587821960449e-01
2.315366566181182861e-01
5.959979295730590820e-01
5.959979295730590820e-01
4.466705918312072754e-01
3.186431527137756348e-02
-1.184569895267486572e-01
6.196222305297851562e-01
7.343851029872894287e-02
4.817973971366882324e-01
5.247623920440673828e-01
7.409832477569580078e-01
1.040351986885070801e-01
6.551698446273803711e-01
4.085138440132141113e-02
9.423670172691345215e-02
6.631043553352355957e-02
6.181207299232482910e-01
5.174309015274047852e-02
3.375070393085479736e-01
7.463409900665283203e-01
5.055819749832153320e-01
-1.076816618442535400e-01
3.491118550300598145e-02
-5.140383243560791016e-01
1.232202500104904175e-01
1.094792485237121582e-01
2.284367084503173828e-01
1.025007218122482300e-01
1.036192327737808228e-01
-1.109507083892822266e-01
6.133450865745544434e-01
1.068039655685424805e+00
-1.302923858165740967e-01
6.063983440399169922e-01
2.107738107442855835e-01
4.194946885108947754e-01
-5.646026134490966797e-02
2.240365743637084961e-01
2.241480946540832520e-01
5.435651540756225586e-01
-6.645178794860839844e-02
1.606711745262145996e-02
6.201863288879394531e-01
4.958736300468444824e-01
1.251884251832962036e-01
6.193073987960815430e-01
4.726448953151702881e-01
5.830258131027221680e-02
6.305176615715026855e-01
1.034695148468017578e+00
6.086716651916503906e-01
3.498837053775787354e-01
1.925172060728073120e-01
6.903799772262573242e-01
-8.846810460090637207e-02
5.219660997390747070e-01
3.530128002166748047e-01
5.292149186134338379e-01
-2.070975899696350098e-01
5.236625671386718750e-03
1.325020194053649902e-02
-5.345940589904785156e-03
6.662333011627197266e-01
4.996235370635986328e-01
6.428968906402587891e-01
6.924450993537902832e-01
1.126178801059722900e-01
4.542040228843688965e-01
1.583559066057205200e-01
-3.503224253654479980e-02
1.015283465385437012e-01
5.660617351531982422e-01
4.682158827781677246e-01
1.020663976669311523e-01
4.454678297042846680e-01
4.454678297042846680e-01
7.902520895004272461e-02
-2.277731895446777344e-01
7.592791318893432617e-01
6.027461290359497070e-01
2.097529917955398560e-01
5.463746786117553711e-01
-1.470017433166503906e-01
5.474752187728881836e-01
4.925102591514587402e-01
4.895605742931365967e-01
1.379969120025634766e-01
5.027949810028076172e-04
3.772479295730590820e-02
5.338117480278015137e-01
8.180307149887084961e-01
5.987389087677001953e-01
4.879924654960632324e-01
5.184805989265441895e-01
2.824277281761169434e-01
6.125081777572631836e-01
6.822187900543212891e-01
6.431674957275390625e-01
7.814067602157592773e-01
4.609425067901611328e-01
5.162496566772460938e-01
5.162496566772460938e-01
6.572804450988769531e-01
4.930017590522766113e-01
7.537927627563476562e-01
8.969991207122802734e-01
4.732983112335205078e-01
5.283318161964416504e-01
-2.458992302417755127e-01
4.991333782672882080e-01
1.420086324214935303e-01
4.060416817665100098e-01
4.067173004150390625e-01
4.086956381797790527e-02
1.929657459259033203e-01
7.670189142227172852e-01
5.486863851547241211e-01
1.950463652610778809e-02
7.988334894180297852e-01
7.708726525306701660e-01
8.125979900360107422e-01
5.103993415832519531e-01
6.954519748687744141e-01
6.077089905738830566e-01
6.686657667160034180e-02
2.338615655899047852e-01
7.630270719528198242e-02
1.813156008720397949e-01
7.851182222366333008e-01
2.938012480735778809e-01
7.117571830749511719e-01
1.275031268596649170e-01
7.391766309738159180e-01
-3.087954521179199219e-01
1.896619051694869995e-01
6.250333786010742188e-01
2.283144146203994751e-01
2.278412431478500366e-01
4.757013916969299316e-01
1.843352764844894409e-01
4.244260191917419434e-01
7.275277376174926758e-01
1.456849277019500732e-01
1.420131921768188477e-01
4.585047364234924316e-01
5.871272087097167969e-01
2.623569369316101074e-01
3.003832697868347168e-01
7.585155963897705078e-01
2.254294455051422119e-01
1.787555217742919922e-01
7.059962749481201172e-01
4.592559933662414551e-01
2.169103324413299561e-01
6.415553092956542969e-01
6.979728937149047852e-01
2.806383073329925537e-01
5.126014351844787598e-02
5.821264982223510742e-01
5.871651172637939453e-01
4.340509772300720215e-01
5.251922607421875000e-01
1.415660381317138672e-01
7.825824022293090820e-01
6.005084514617919922e-01
-1.592072844505310059e-01
5.621585845947265625e-01
6.597986221313476562e-01
7.042452692985534668e-01
1.171349525451660156e+00
8.131045103073120117e-01
9.309930801391601562e-01
8.726012706756591797e-02
9.991396665573120117e-01
7.155175209045410156e-01
7.725942134857177734e-01
2.058440297842025757e-01
6.575671434402465820e-01
5.759237408638000488e-01
1.689726114273071289e-02
5.732131600379943848e-01
4.516445994377136230e-01
2.637559175491333008e-01
2.217001318931579590e-01
5.111684203147888184e-01
5.807855725288391113e-01
2.899557352066040039e-03
1.137597560882568359e-01
2.098335176706314087e-01
4.954789578914642334e-01
6.870661973953247070e-01
7.555369138717651367e-01
4.559654593467712402e-01
2.666959762573242188e-01
8.072521686553955078e-01
7.231310606002807617e-01
3.059032559394836426e-01
7.405233383178710938e-01
3.591884076595306396e-01
6.336383223533630371e-01
9.096637368202209473e-02
7.817387580871582031e-01
1.221453785896301270e+00
6.009531617164611816e-01
4.208527505397796631e-01
-1.037722826004028320e-02
3.589860796928405762e-01
3.489325642585754395e-01
6.845424175262451172e-01
5.696989297866821289e-01
5.696989297866821289e-01
5.911910533905029297e-01
4.821884036064147949e-01
2.423408180475234985e-01
2.500388026237487793e-01
1.371462345123291016e-01
6.126561760902404785e-01
1.380154490470886230e-02
6.386379003524780273e-01
6.632296442985534668e-01
4.272997379302978516e-02
6.062077283859252930e-01
5.585265159606933594e-01
5.089331865310668945e-01
5.481029748916625977e-01
6.526483297348022461e-01
3.338918089866638184e-02
7.079874277114868164e-01
5.679991245269775391e-01
1.328001022338867188e-01
7.497618794441223145e-01
7.398817539215087891e-01
4.282625913619995117e-01
5.984201431274414062e-01
3.661825060844421387e-01
5.791480541229248047e-01
-1.763546466827392578e-02
6.450929641723632812e-01
5.555481314659118652e-01
6.290639638900756836e-01
8.724816441535949707e-01
4.792330563068389893e-01
3.978013992309570312e-02
3.978013992309570312e-02
3.719840645790100098e-01
8.087564706802368164e-01
8.572407960891723633e-01
6.899256706237792969e-01
1.599428355693817139e-01
3.314691185951232910e-01
1.459510326385498047e-01
6.231590509414672852e-01
2.804088592529296875e-01
1.851961910724639893e-01
6.565551161766052246e-01
8.991023302078247070e-01
7.093462944030761719e-01
5.771526098251342773e-01
4.141909778118133545e-01
5.910256505012512207e-01
6.536028385162353516e-01
6.842909455299377441e-01
7.028416395187377930e-01
5.793077349662780762e-01
7.340891361236572266e-01
3.599306344985961914e-01
1.904589831829071045e-01
8.541361093521118164e-01
1.747532784938812256e-01
8.227801322937011719e-01
6.254123449325561523e-01
6.165766119956970215e-01
6.350762248039245605e-01
2.150383591651916504e-01
7.082623243331909180e-01
9.074663519859313965e-01
5.837596058845520020e-01
7.877662181854248047e-01
5.514429211616516113e-01
1.323695898056030273e+00
7.472507953643798828e-01
7.319297790527343750e-01
1.887503564357757568e-01
6.383987069129943848e-01
2.256279289722442627e-01
7.637939453125000000e-01
3.207792341709136963e-01
6.429864764213562012e-01
5.262714028358459473e-01
6.163734793663024902e-01
7.530091404914855957e-01
8.196594119071960449e-01
6.336114406585693359e-01
1.114857494831085205e-01
2.686389088630676270e-01
3.824586272239685059e-01
5.896905660629272461e-01
6.041687726974487305e-01
4.010343551635742188e-01
6.000957489013671875e-01
6.000957489013671875e-01
6.298231482505798340e-01
5.666747093200683594e-01
4.050103425979614258e-01
6.235460042953491211e-01
4.604645967483520508e-01
7.605244517326354980e-01
6.265501379966735840e-01
5.773324966430664062e-01
6.712074279785156250e-01
3.868938088417053223e-01
8.976261019706726074e-01
7.392098903656005859e-01
8.969165682792663574e-01
7.034790515899658203e-01
5.272984504699707031e-03
1.095459103584289551e+00
7.380277514457702637e-01
6.524081826210021973e-01
6.231940984725952148e-01
6.002928018569946289e-01
6.290165781974792480e-01
3.974304795265197754e-01
6.972931623458862305e-01
5.223033428192138672e-01
6.283152699470520020e-01
8.096638917922973633e-01
2.504234015941619873e-01
2.805787324905395508e-01
7.184458971023559570e-01
6.223009824752807617e-01
7.471464276313781738e-01
7.233282923698425293e-01
6.710630655288696289e-01
3.086230754852294922e-01
7.709022164344787598e-01
4.869624078273773193e-01
2.922976613044738770e-01
5.980131030082702637e-01
7.436991930007934570e-01
4.324275255203247070e-02
2.211938500404357910e-01
3.169656097888946533e-01
3.681174814701080322e-01
6.502673625946044922e-01
4.684018790721893311e-01
6.105211377143859863e-01
5.735468268394470215e-01
4.687729179859161377e-01
6.707973480224609375e-01
5.481472015380859375e-01
7.802503705024719238e-01
7.351770401000976562e-01
7.482972145080566406e-01
6.641269326210021973e-01
6.333165764808654785e-01
6.571643352508544922e-01
5.564409494400024414e-01
8.203674554824829102e-01
5.120543837547302246e-01
1.953119933605194092e-01
5.268000960350036621e-01
7.697235345840454102e-01
2.441412806510925293e-01
6.592529416084289551e-01
6.651765108108520508e-01
7.175681591033935547e-01
1.449733078479766846e-01
4.873665869235992432e-01
7.114604711532592773e-01
6.257564425468444824e-01
5.619271397590637207e-01
4.850314259529113770e-01
2.602376341819763184e-01
2.602376341819763184e-01
5.247133374214172363e-01
4.702224731445312500e-01
8.880820274353027344e-01
8.208744525909423828e-01
7.604238390922546387e-01
6.392233967781066895e-01
1.631387174129486084e-01
7.536740303039550781e-01
7.018126845359802246e-01
8.578144907951354980e-01
8.066965341567993164e-01
8.260577321052551270e-01
1.977000534534454346e-01
3.090135455131530762e-01
7.443042993545532227e-01
2.907125353813171387e-01
8.778892755508422852e-01
6.272988915443420410e-01
9.446550607681274414e-01
6.688258051872253418e-01
2.579507529735565186e-01
6.503675580024719238e-01
7.457751631736755371e-01
7.141336202621459961e-01
2.543380856513977051e-01
8.384307622909545898e-01
6.187918186187744141e-01
9.130679368972778320e-01
6.410310864448547363e-01
8.549749255180358887e-01
8.264192342758178711e-01
8.260214328765869141e-01
6.238304376602172852e-01
-5.391513109207153320e-01
8.741146922111511230e-01
6.704384684562683105e-01
-8.498811721801757812e-02
6.924250721931457520e-01
4.663795232772827148e-01
7.684769630432128906e-01
8.103342652320861816e-01
2.648006975650787354e-01
8.240351676940917969e-01
7.096933126449584961e-01
1.296912074089050293e+00
8.087493181228637695e-01
5.738872289657592773e-01
3.546597361564636230e-01
4.304773509502410889e-01
4.890204071998596191e-01
2.013904750347137451e-01
4.316023588180541992e-01
8.148550391197204590e-01
7.509888410568237305e-01
3.836137354373931885e-01
1.784225106239318848e-01
7.363504171371459961e-01
9.172737002372741699e-01
9.172737002372741699e-01
4.731834530830383301e-01
9.415314197540283203e-01
8.125248551368713379e-01
6.008550524711608887e-01
7.040551900863647461e-01
-1.447690725326538086e-01
2.972985804080963135e-01
4.864559173583984375e-01
6.646673083305358887e-01
8.020129203796386719e-01
3.598045110702514648e-01
7.795953154563903809e-01
9.423021674156188965e-01
6.951487064361572266e-01
5.836355686187744141e-01
6.421929001808166504e-01
2.800873219966888428e-01
6.380332112312316895e-01
6.380332112312316895e-01
6.380332112312316895e-01
6.597861051559448242e-01
7.675806879997253418e-01
7.986109852790832520e-01
3.071163296699523926e-01
7.027841806411743164e-01
1.900998651981353760e-01
6.370927691459655762e-01
1.706269383430480957e-01
-2.223354578018188477e-02
5.896551012992858887e-01
3.396767377853393555e-02
6.624184846878051758e-01
6.815817952156066895e-01
6.719094514846801758e-01
6.739283204078674316e-01
6.483522057533264160e-01
3.331462144851684570e-01
8.266475200653076172e-01
6.370339393615722656e-01
6.370339393615722656e-01
6.370339393615722656e-01
6.370339393615722656e-01
6.370339393615722656e-01
4.994233548641204834e-01
6.091789603233337402e-01
5.940457582473754883e-01
2.931597530841827393e-01
-1.756243109703063965e-01
2.840436995029449463e-01
1.991060376167297363e-01
4.977985024452209473e-01
6.597315073013305664e-01
6.614505648612976074e-01
6.509299874305725098e-01
6.509299874305725098e-01
7.186662554740905762e-01
5.209033489227294922e-01
5.960905551910400391e-01
6.902328729629516602e-01
6.365491151809692383e-01
6.365491151809692383e-01
6.365491151809692383e-01
6.065538525581359863e-01
7.101432681083679199e-01
6.170533895492553711e-01
3.768212795257568359e-01
6.301891803741455078e-01
3.909656405448913574e-01
6.816888451576232910e-01
8.159694671630859375e-01
4.962913990020751953e-01
6.926097273826599121e-01
6.823828220367431641e-01
9.088861942291259766e-01
5.396711230278015137e-01
5.120294690132141113e-01
8.414379954338073730e-01
1.704825520515441895e+00
6.969686746597290039e-01
5.075646042823791504e-01
6.652368307113647461e-01
6.652368307113647461e-01
6.813842058181762695e-01
6.130720973014831543e-01
6.693813204765319824e-01
6.198623180389404297e-01
6.190958619117736816e-01
6.729859113693237305e-01
7.142610549926757812e-01
8.167107105255126953e-01
5.036190152168273926e-01
6.836686730384826660e-01
4.915761053562164307e-01
7.307265996932983398e-01
5.033894777297973633e-01
1.292566359043121338e-01
5.295734405517578125e-01
5.217838883399963379e-01
5.221749544143676758e-01
7.869572043418884277e-01
3.274329602718353271e-01
5.396926999092102051e-01
6.543794870376586914e-01
6.360949873924255371e-01
1.129530429840087891e+00
1.033906459808349609e+00
6.357047557830810547e-01
6.357047557830810547e-01
5.203408598899841309e-01
7.690288424491882324e-01
6.172540187835693359e-01
5.240830183029174805e-01
5.279465317726135254e-01
4.931178689002990723e-01
5.220712423324584961e-01
7.306422591209411621e-01
4.941290915012359619e-01
2.239564359188079834e-01
5.291255116462707520e-01
7.330434918403625488e-01
6.669116020202636719e-01
6.216847896575927734e-01
6.895685791969299316e-01
6.374260783195495605e-01
6.374260783195495605e-01
5.455770492553710938e-01
6.227655410766601562e-01
8.584831953048706055e-01
4.659078717231750488e-01
7.543175816535949707e-01
6.250509023666381836e-01
2.227331101894378662e-01
5.137699842453002930e-01
7.967318892478942871e-01
7.704710364341735840e-01
4.929456710815429688e-01
5.453978776931762695e-01
4.974412322044372559e-01
1.018304109573364258e+00
8.232669830322265625e-01
5.466337800025939941e-01
7.951797246932983398e-01
5.241963863372802734e-01
7.666279077529907227e-01
9.509067535400390625e-01
5.004656314849853516e-01
5.391536355018615723e-01
5.231479406356811523e-01
5.445232987403869629e-01
3.239352703094482422e-01
2.820448875427246094e-01
6.498805880546569824e-01
1.809605956077575684e-01
1.821872293949127197e-01
7.269447445869445801e-01
5.317142605781555176e-01
9.781138896942138672e-01
5.512881278991699219e-01
5.512881278991699219e-01
5.512881278991699219e-01
6.271674633026123047e-01
5.453655123710632324e-01
5.453655123710632324e-01
5.453655123710632324e-01
6.896477937698364258e-01
5.442018508911132812e-01
5.824074745178222656e-01
5.554203391075134277e-01
3.402688503265380859e-01
7.655131816864013672e-01
5.437338948249816895e-01
9.170514345169067383e-01
5.507189631462097168e-01
6.436970829963684082e-01
7.508904933929443359e-01
4.829741418361663818e-01
5.634637475013732910e-01
6.950309276580810547e-01
2.898916006088256836e-01
5.373523831367492676e-01
1.052456974983215332e+00
4.968330860137939453e-01
5.471048951148986816e-01
5.429536700248718262e-01
5.553723573684692383e-01
5.553723573684692383e-01
3.614422678947448730e-01
5.390170216560363770e-01
7.371443510055541992e-01
5.208340883255004883e-01
1.325649976730346680e+00
5.582578182220458984e-01
5.200304985046386719e-01
5.543256402015686035e-01
1.032862544059753418e+00
7.038735151290893555e-01
5.371732711791992188e-01
5.504605174064636230e-01
5.504605174064636230e-01
5.504605174064636230e-01
4.633475840091705322e-01
1.043958663940429688e+00
5.221126675605773926e-01
8.384246826171875000e-01
6.489038467407226562e-01
7.298511266708374023e-01
1.153893828392028809e+00
8.888540267944335938e-01
3.597116768360137939e-01
5.316439867019653320e-01
8.584822416305541992e-01
9.028328657150268555e-01
7.057788372039794922e-01
1.031649708747863770e-01
5.611082911491394043e-01
4.151126742362976074e-01
9.881722331047058105e-01
5.636915564537048340e-01
2.891642749309539795e-01
5.778090953826904297e-01
8.025890588760375977e-01
4.609461724758148193e-01
6.963672637939453125e-01
9.226903915405273438e-01
5.590223670005798340e-01
7.823776006698608398e-01
5.490679144859313965e-01
5.490679144859313965e-01
4.948240518569946289e-01
5.581874251365661621e-01
5.581874251365661621e-01
5.581874251365661621e-01
9.085822701454162598e-01
5.577515959739685059e-01
5.682153105735778809e-01
5.504621267318725586e-01
1.026775836944580078e+00
5.207568407058715820e-01
1.042995691299438477e+00
1.180173993110656738e+00
5.460807681083679199e-01
6.986994743347167969e-01
5.661860704421997070e-01
8.402402997016906738e-01
6.607363224029541016e-01
5.531492829322814941e-01
4.056941866874694824e-01
5.704500079154968262e-01
4.939013123512268066e-01
5.623450875282287598e-01
8.893373608589172363e-01
7.530089616775512695e-01
5.766555070877075195e-01
8.862837553024291992e-01
1.001140117645263672e+00
5.458406209945678711e-01
7.569031715393066406e-01
8.830134272575378418e-01
5.593786239624023438e-01
4.394232928752899170e-01
7.027427554130554199e-01
7.420648932456970215e-01
5.623708367347717285e-01
5.678976178169250488e-01
5.700446367263793945e-01
4.928446114063262939e-01
7.568851709365844727e-01
5.602156519889831543e-01
5.763498544692993164e-01
5.723300576210021973e-01
1.635458469390869141e-01
9.146561026573181152e-01
5.703763365745544434e-01
5.762602686882019043e-01
5.824681520462036133e-01
9.806178808212280273e-01
5.566291213035583496e-01
7.821865081787109375e-01
5.820699334144592285e-01
5.690461993217468262e-01
5.690461993217468262e-01
9.282956719398498535e-01
7.522705197334289551e-01
7.425137758255004883e-01
7.425137758255004883e-01
9.355071783065795898e-01
5.595017075538635254e-01
7.694787979125976562e-01
5.475325584411621094e-01
5.735803246498107910e-01
5.819251537322998047e-01
3.537326753139495850e-01
9.286917448043823242e-01
7.834016084671020508e-01
5.829027891159057617e-01
5.562793016433715820e-01
9.678588509559631348e-01
7.612139582633972168e-01
9.926377534866333008e-01
7.133518457412719727e-01
5.735818743705749512e-01
4.984701275825500488e-01
1.021779656410217285e+00
5.773858428001403809e-01
5.329171419143676758e-01
9.768972396850585938e-01
1.362407326698303223e+00
7.915167808532714844e-01
8.533899188041687012e-01
5.705611705780029297e-01
5.740911364555358887e-01
5.853160619735717773e-01
5.674859881401062012e-01
5.265357494354248047e-01
5.811067819595336914e-01
5.513413548469543457e-01
5.397225022315979004e-01
5.767803192138671875e-01
5.839836597442626953e-01
7.423343658447265625e-01
5.782721638679504395e-01
1.035080432891845703e+00
3.056161403656005859e-01
5.727464556694030762e-01
5.820058584213256836e-01
9.570367336273193359e-01
6.632459759712219238e-01
5.768471956253051758e-01
5.768471956253051758e-01
6.875474452972412109e-01
4.924541711807250977e-01
4.924541711807250977e-01
6.897404789924621582e-01
5.835023522377014160e-01
5.729878544807434082e-01
5.745997428894042969e-01
7.549026608467102051e-01
5.648499131202697754e-01
5.404945611953735352e-01
8.783109188079833984e-01
5.380431413650512695e-01
9.471130371093750000e-01
5.456394553184509277e-01
5.797550678253173828e-01
5.896556377410888672e-01
5.896556377410888672e-01
5.514035224914550781e-01
5.332968235015869141e-01
3.362899720668792725e-01
7.537917494773864746e-01
7.537917494773864746e-01
7.537917494773864746e-01
1.183788537979125977e+00
5.851256847381591797e-01
7.673527598381042480e-01
9.715914726257324219e-01
5.361290574073791504e-01
8.185231089591979980e-01
5.263493061065673828e-01
5.671356916427612305e-01
1.186893701553344727e+00
6.781782507896423340e-01
9.179118871688842773e-01
5.882667303085327148e-01
9.310033321380615234e-01
7.503558993339538574e-01
7.503558993339538574e-01
7.503558993339538574e-01
5.625856518745422363e-01
6.435418128967285156e-01
7.693075537681579590e-01
7.556288838386535645e-01
7.556288838386535645e-01
7.556288838386535645e-01
6.654424071311950684e-01
5.853388309478759766e-01
5.474613308906555176e-01
1.052419781684875488e+00
7.039442062377929688e-01
5.595812797546386719e-01
9.497641921043395996e-01
7.076133489608764648e-01
5.648438930511474609e-01
8.443340659141540527e-01
4.411382377147674561e-01
8.090649247169494629e-01
9.969472289085388184e-01
5.936495065689086914e-01
8.373718857765197754e-01
5.867366194725036621e-01
1.219793558120727539e+00
5.882973670959472656e-01
1.193760514259338379e+00
3.095921874046325684e-01
4.571130871772766113e-01
5.483324527740478516e-01
4.989354610443115234e-01
6.205236315727233887e-01
5.542738437652587891e-01
5.568011999130249023e-01
3.675134778022766113e-01
5.421197414398193359e-01
8.232031464576721191e-01
4.432209730148315430e-01
7.907667160034179688e-01
5.634296536445617676e-01
5.634296536445617676e-01
7.887476682662963867e-01
7.887476682662963867e-01
7.887476682662963867e-01
7.451194524765014648e-01
3.858913183212280273e-01
7.926577329635620117e-01
4.330613911151885986e-01
1.098979711532592773e+00
9.981879591941833496e-01
1.055996060371398926e+00
6.504340767860412598e-01
9.874802231788635254e-01
3.609472513198852539e-01
5.925002098083496094e-01
9.822196960449218750e-01
7.685408592224121094e-01
3.453286886215209961e-01
5.932116508483886719e-01
3.884711563587188721e-01
8.699232339859008789e-01
8.907009363174438477e-01
5.923029780387878418e-01
5.903018116950988770e-01
8.926829695701599121e-01
5.898460149765014648e-01
5.952015519142150879e-01
1.048218011856079102e+00
7.414429783821105957e-01
9.258623123168945312e-01
4.708372950553894043e-01
1.017926454544067383e+00
1.017926454544067383e+00
4.550901353359222412e-01
1.038943529129028320e+00
6.318223476409912109e-01
9.120822548866271973e-01
7.291849851608276367e-01
1.006814479827880859e+00
5.919115543365478516e-01
8.868871927261352539e-01
1.104881763458251953e+00
1.076227068901062012e+00
9.250634312629699707e-01
7.334870100021362305e-01
7.681291699409484863e-01
7.914507389068603516e-01
5.853080153465270996e-01
-7.514330148696899414e-01
-4.979503154754638672e-02
2.468171119689941406e-01
8.285660743713378906e-01
8.285660743713378906e-01
6.732702255249023438e-03
1.073642015457153320e+00
8.953334093093872070e-01
8.059747815132141113e-01
8.059747815132141113e-01
8.597260117530822754e-01
9.243220686912536621e-01
9.833017587661743164e-01
2.952410280704498291e-01
4.911842048168182373e-01
7.949568629264831543e-01
7.746027708053588867e-01
7.882972955703735352e-01
6.108278036117553711e-01
9.539593458175659180e-01
5.948504805564880371e-01
5.663602948188781738e-01
9.504998922348022461e-01
3.846963047981262207e-01
9.232869148254394531e-01
1.076185345649719238e+00
5.364562869071960449e-01
4.032362997531890869e-01
7.491983175277709961e-01
7.491983175277709961e-01
9.533160328865051270e-01
3.752329945564270020e-01
5.290160179138183594e-01
8.326253294944763184e-01
8.229929208755493164e-01
7.314787507057189941e-01
9.587019085884094238e-01
1.004699945449829102e+00
7.527579069137573242e-01
5.129695534706115723e-01
1.081999063491821289e+00
1.069654464721679688e+00
7.339087724685668945e-01
8.573417663574218750e-01
9.650604724884033203e-01
4.264812171459197998e-01
2.872091531753540039e-01
9.607456922531127930e-01
5.338611006736755371e-01
3.074496686458587646e-01
8.252819776535034180e-01
3.755939602851867676e-01
1.263640880584716797e+00
7.602353096008300781e-01
5.545989871025085449e-01
6.502842307090759277e-01
1.068923234939575195e+00
1.131392836570739746e+00
6.884788870811462402e-01
5.634266138076782227e-01
9.817659854888916016e-01
3.008904457092285156e-01
1.088448166847229004e+00
5.515941977500915527e-01
1.175330877304077148e+00
9.304178953170776367e-01
1.013026833534240723e+00
7.681287527084350586e-01
8.358678817749023438e-01
1.008254408836364746e+00
1.001928329467773438e+00
8.429743051528930664e-01
1.127484440803527832e+00
8.316746950149536133e-01
8.316746950149536133e-01
6.552491188049316406e-01
7.750505208969116211e-01
9.546328783035278320e-01
9.546328783035278320e-01
1.004257202148437500e+00
9.149501323699951172e-01
3.768510818481445312e-01
6.762301921844482422e-01
8.776764869689941406e-01
5.565559267997741699e-01
3.470808267593383789e-01
1.200455665588378906e+00
6.219551563262939453e-01
9.169685244560241699e-01
6.425580382347106934e-01
4.345315098762512207e-01
8.808236122131347656e-01
9.634160995483398438e-01
6.319795250892639160e-01
7.717991471290588379e-01
6.552777886390686035e-01
9.766045808792114258e-01
4.773992002010345459e-01
9.658474922180175781e-01
9.658474922180175781e-01
1.203507661819458008e+00
8.200994729995727539e-01
9.143768548965454102e-01
1.015211462974548340e+00
4.348349273204803467e-01
9.166581034660339355e-01
7.119469046592712402e-01
3.571456968784332275e-01
1.033507347106933594e+00
7.949763536453247070e-01
9.158841371536254883e-01
6.806026101112365723e-01
9.946883320808410645e-01
5.129396915435791016e-01
6.729955673217773438e-01
7.028849720954895020e-01
9.235206246376037598e-01
1.092951297760009766e+00
6.365811228752136230e-01
6.854235529899597168e-01
4.420047402381896973e-01
1.033050298690795898e+00
7.147294282913208008e-01
-4.431807994842529297e-02
1.123215198516845703e+00
7.112249732017517090e-01
7.037643194198608398e-01
9.772546291351318359e-01
9.890524148941040039e-01
7.455772757530212402e-01
6.700484156608581543e-01
8.997223377227783203e-01
1.229016542434692383e+00
4.271706640720367432e-01
7.744500041007995605e-01
6.651847362518310547e-01
6.903225183486938477e-01
6.754655838012695312e-01
9.599441289901733398e-01
7.071362733840942383e-01
7.005409002304077148e-01
1.074064016342163086e+00
1.521921396255493164e+00
6.628696918487548828e-01
1.140258431434631348e+00
1.206324458122253418e+00
1.037148356437683105e+00
4.627001285552978516e-01
1.103507876396179199e+00
1.027615785598754883e+00
1.212645053863525391e+00
1.019947409629821777e+00
1.025597691535949707e+00
1.098242759704589844e+00
1.116850137710571289e+00
4.200283288955688477e-01
6.957691907882690430e-01
1.098821163177490234e+00
7.166600823402404785e-01
4.825120866298675537e-01
1.160905361175537109e+00
6.928525567054748535e-01
9.420025944709777832e-01
4.949001967906951904e-01
9.765231013298034668e-01
7.385401129722595215e-01
7.007282376289367676e-01
6.693822741508483887e-01
4.228638410568237305e-01
1.152612090110778809e+00
7.291333079338073730e-01
8.318490982055664062e-01
4.473049044609069824e-01
3.932053446769714355e-01
1.091953516006469727e+00
9.971232414245605469e-01
9.971232414245605469e-01
9.166803956031799316e-01
9.056905508041381836e-01
1.007729291915893555e+00
1.142740607261657715e+00
8.392916917800903320e-01
7.157558202743530273e-01
7.428764104843139648e-01
1.026115894317626953e+00
8.370260000228881836e-01
2.366696000099182129e-01
9.636763334274291992e-01
9.593439698219299316e-01
7.343027591705322266e-01
9.702552556991577148e-01
3.070216774940490723e-01
1.153784990310668945e+00
1.145306944847106934e+00
7.092144489288330078e-01
9.346749782562255859e-01
7.483289837837219238e-01
9.920313954353332520e-01
7.413170337677001953e-01
9.338542222976684570e-01
7.505784630775451660e-01
7.402173280715942383e-01
9.867791533470153809e-01
1.185309886932373047e+00
9.521608352661132812e-01
5.177806019783020020e-01
5.026750564575195312e-01
7.370071411132812500e-01
8.490087985992431641e-01
1.074517965316772461e+00
1.074983000755310059e+00
7.693695425987243652e-01
9.837135672569274902e-01
5.318424701690673828e-01
7.460523247718811035e-01
7.092237472534179688e-01
9.252476692199707031e-01
1.233196377754211426e+00
1.123308181762695312e+00
1.122182369232177734e+00
5.963923931121826172e-01
9.914348125457763672e-01
9.914348125457763672e-01
1.075322151184082031e+00
8.647435903549194336e-01
9.752143025398254395e-01
1.098327517509460449e+00
9.871531724929809570e-01
8.660190701484680176e-01
4.781536459922790527e-01
8.608158826828002930e-01
1.050149798393249512e+00
1.180611133575439453e+00
9.318677186965942383e-01
3.690949082374572754e-01
7.497416734695434570e-01
9.722479581832885742e-01
9.502038359642028809e-01
8.983595967292785645e-01
5.328186750411987305e-01
1.256734609603881836e+00
2.271793484687805176e-01
8.995351791381835938e-01
9.985903501510620117e-01
9.985903501510620117e-01
9.983983635902404785e-01
1.123984098434448242e+00
8.794281482696533203e-01
9.975243806838989258e-01
1.151472330093383789e+00
9.097498655319213867e-01
9.097498655319213867e-01
1.048987030982971191e+00
1.001088976860046387e+00
9.964583516120910645e-01
9.964583516120910645e-01
1.554089188575744629e-01
1.176629781723022461e+00
9.953925013542175293e-01
1.220158815383911133e+00
9.798067212104797363e-01
9.798067212104797363e-01
1.007758378982543945e+00
1.007758378982543945e+00
1.101770520210266113e+00
9.755804538726806641e-01
9.894412755966186523e-01
9.196054935455322266e-01
7.382931709289550781e-01
9.777545928955078125e-01
1.996996998786926270e-01
9.951139688491821289e-01
9.703728556632995605e-01
1.025963783264160156e+00
1.012264251708984375e+00
7.732064127922058105e-01
7.732064127922058105e-01
1.007344841957092285e+00
9.802582859992980957e-01
9.802582859992980957e-01
1.009828686714172363e+00
9.643445611000061035e-01
1.236013889312744141e+00
7.683206200599670410e-01
9.976668357849121094e-01
7.611903548240661621e-01
1.063849210739135742e+00
7.587610483169555664e-01
1.040848493576049805e+00
1.138418436050415039e+00
4.576205611228942871e-01
9.859325885772705078e-01
8.896196484565734863e-01
7.959985136985778809e-01
7.959985136985778809e-01
7.974119782447814941e-01
9.261362552642822266e-01
9.928314089775085449e-01
8.677830696105957031e-01
8.072154521942138672e-01
8.895878791809082031e-01
7.523261308670043945e-01
1.006569504737854004e+00
1.679536938667297363e+00
7.924401760101318359e-01
8.299923539161682129e-01
4.414716958999633789e-01
7.980626225471496582e-01
8.011499047279357910e-01
8.938233256340026855e-01
1.019668459892272949e+00
7.002711892127990723e-01
1.488767266273498535e+00
1.001957297325134277e+00
9.869003295898437500e-01
8.144937753677368164e-01
7.720332145690917969e-01
7.900308370590209961e-01
7.632199525833129883e-01
1.132541775703430176e+00
7.872489094734191895e-01
8.513053059577941895e-01
1.006187677383422852e+00
1.103039383888244629e+00
7.827568650245666504e-01
9.747031927108764648e-01
1.047280311584472656e+00
8.410610556602478027e-01
8.185224533081054688e-01
8.185224533081054688e-01
1.058552742004394531e+00
7.718178033828735352e-01
9.966184496879577637e-01
8.078051209449768066e-01
7.846196889877319336e-01
1.069510936737060547e+00
8.021595478057861328e-01
7.852635383605957031e-01
1.038112163543701172e+00
8.019737601280212402e-01
1.058072447776794434e+00
1.052631497383117676e+00
9.614024758338928223e-01
9.614024758338928223e-01
7.998275756835937500e-01
1.054929733276367188e+00
7.973425388336181641e-01
9.575099945068359375e-01
1.442799806594848633e+00
1.656161785125732422e+00
1.045230269432067871e+00
8.273357748985290527e-01
7.208506464958190918e-01
8.168382644653320312e-01
8.404259085655212402e-01
1.054986000061035156e+00
8.274849057197570801e-01
7.981336712837219238e-01
8.307294845581054688e-01
8.095706105232238770e-01
8.215667009353637695e-01
8.043961524963378906e-01
8.260825872421264648e-01
8.509865999221801758e-01
4.356058239936828613e-01
8.267810344696044922e-01
1.295421838760375977e+00
6.543506383895874023e-01
8.442158699035644531e-01
8.414580821990966797e-01
1.133303999900817871e+00
9.698303937911987305e-01
1.062579512596130371e+00
1.032115936279296875e+00
9.811708927154541016e-01
8.336454629898071289e-01
1.037019133567810059e+00
1.229812502861022949e+00
1.076495051383972168e+00
1.072289347648620605e+00
8.499277830123901367e-01
1.043731451034545898e+00
8.245897293090820312e-01
1.055587053298950195e+00
8.530606627464294434e-01
1.267487168312072754e+00
1.455646276473999023e+00
9.966052770614624023e-01
1.116883516311645508e+00
6.314412951469421387e-01
1.088916301727294922e+00
8.457087874412536621e-01
1.222875714302062988e+00
1.104506611824035645e+00
1.113410949707031250e+00
1.080761909484863281e+00
1.121480703353881836e+00
1.087035894393920898e+00
9.188526272773742676e-01
8.163694143295288086e-01
1.076496958732604980e+00
8.450146317481994629e-01
8.341509103775024414e-01
9.358152747154235840e-01
1.077601552009582520e+00
1.077601552009582520e+00
1.077601552009582520e+00
1.077601552009582520e+00
1.092754840850830078e+00
1.016120553016662598e+00
1.025301814079284668e+00
2.050246000289916992e-01
1.032491326332092285e+00
1.080843091011047363e+00
8.793532848358154297e-01
1.029408931732177734e+00
7.800546884536743164e-01
8.647950291633605957e-01
1.012258648872375488e+00
9.401773214340209961e-01
9.401773214340209961e-01
1.161381483078002930e+00
9.405709505081176758e-01
1.082210421562194824e+00
9.928432106971740723e-01
8.334363102912902832e-01
7.845140099525451660e-01
1.215731859207153320e+00
8.437121510505676270e-01
1.064755797386169434e+00
9.812869429588317871e-01
1.043371558189392090e+00
9.718511700630187988e-01
8.341437578201293945e-01
8.836960196495056152e-01
8.558872342109680176e-01
8.558872342109680176e-01
7.934249639511108398e-01
1.056678295135498047e+00
8.733693361282348633e-01
8.733693361282348633e-01
8.723028302192687988e-01
1.095372319221496582e+00
6.010235548019409180e-01
8.702366352081298828e-01
8.416430354118347168e-01
1.229429960250854492e+00
1.135939359664916992e+00
8.653423190116882324e-01
9.506235122680664062e-01
1.042937397956848145e+00
1.362296223640441895e+00
1.090713977813720703e+00
8.516634702682495117e-01
2.838067412376403809e-01
1.229585886001586914e+00
7.645094394683837891e-01
8.749675750732421875e-01
8.765077590942382812e-01
1.046797275543212891e+00
1.380226731300354004e+00
1.079265236854553223e+00
1.268453836441040039e+00
1.054528117179870605e+00
8.553135395050048828e-01
9.715806245803833008e-01
8.750267624855041504e-01
1.089607954025268555e+00
5.024884939193725586e-01
4.639850258827209473e-01
1.059482336044311523e+00
9.398298859596252441e-01
8.916939496994018555e-01
1.001877903938293457e+00
1.208683967590332031e+00
9.028210043907165527e-01
1.276249289512634277e+00
8.857731223106384277e-01
8.951311707496643066e-01
1.075639009475708008e+00
1.082510232925415039e+00
1.115304350852966309e+00
1.115304350852966309e+00
1.028576374053955078e+00
9.082599282264709473e-01
1.102218866348266602e+00
1.207850217819213867e+00
9.938462972640991211e-01
1.068149685859680176e+00
1.122341990470886230e+00
3.901767730712890625e-01
8.334420919418334961e-01
1.016851186752319336e+00
1.016851186752319336e+00
6.233351230621337891e-01
1.025544166564941406e+00
1.247127771377563477e+00
8.959133625030517578e-01
1.066053509712219238e+00
8.912551403045654297e-01
9.671733379364013672e-01
9.806385636329650879e-01
9.891405105590820312e-01
1.135983467102050781e+00
7.959988713264465332e-01
1.134659647941589355e+00
9.834813475608825684e-01
1.145881772041320801e+00
1.136984229087829590e+00
1.028705716133117676e+00
9.172632694244384766e-01
9.172632694244384766e-01
1.102468490600585938e+00
1.083667039871215820e+00
1.128692030906677246e+00
1.032239794731140137e+00
1.887032508850097656e+00
9.889229536056518555e-01
9.166620373725891113e-01
9.902179241180419922e-01
1.156487941741943359e+00
1.162593126296997070e+00
6.073739528656005859e-01
1.494870781898498535e+00
1.256065845489501953e+00
1.096784114837646484e+00
1.096506595611572266e+00
1.530339002609252930e+00
1.129612803459167480e+00
1.087940812110900879e+00
1.147815704345703125e+00
1.022325754165649414e+00
1.823638200759887695e+00
1.121853113174438477e+00
1.025415301322937012e+00
9.329774975776672363e-01
1.157346963882446289e+00
7.204384803771972656e-01
1.959531664848327637e+00
1.310964465141296387e+00
1.161676645278930664e+00
1.027143239974975586e+00
1.088143229484558105e+00
1.167376756668090820e+00
1.395874977111816406e+00
1.117704153060913086e+00
1.147267818450927734e+00
1.113813400268554688e+00
1.113813400268554688e+00
1.382351636886596680e+00
1.425514698028564453e+00
1.006368517875671387e+00
7.500648498535156250e-04
1.103943586349487305e+00
1.019762992858886719e+00
1.020493507385253906e+00
7.344242334365844727e-01
9.322466254234313965e-01
1.170944333076477051e+00
1.580499649047851562e+00
1.163453578948974609e+00
1.573373556137084961e+00
1.141758561134338379e+00
7.645484209060668945e-01
1.156227111816406250e+00
1.137937068939208984e+00
1.595140576362609863e+00
1.338502287864685059e+00
1.022478342056274414e+00
1.328931093215942383e+00
1.108027935028076172e+00
1.154226899147033691e+00
1.139174461364746094e+00
1.266771912574768066e+00
1.139576196670532227e+00
1.126611948013305664e+00
1.513707280158996582e+00
1.133042573928833008e+00
1.189617872238159180e+00
1.235238432884216309e+00
1.352571010589599609e+00
1.319778084754943848e+00
1.883893847465515137e+00
1.128800749778747559e+00
1.330724358558654785e+00
1.130269765853881836e+00
1.398923873901367188e+00
1.181322574615478516e+00
1.136543393135070801e+00
1.402879476547241211e+00
1.662341356277465820e+00
1.198014259338378906e+00
1.074414730072021484e+00
7.341280579566955566e-01
1.049293756484985352e+00
1.049581527709960938e+00
1.051032543182373047e+00
1.220072865486145020e+00
9.591956138610839844e-01
1.234051227569580078e+00
1.148695707321166992e+00
1.503802061080932617e+00
1.155357599258422852e+00
1.309005141258239746e+00
6.496480703353881836e-01
1.467907786369323730e+00
1.467907786369323730e+00
1.084520220756530762e+00
1.122489213943481445e+00
1.638071537017822266e+00
1.232293367385864258e+00
1.089551687240600586e+00
7.148073315620422363e-01
1.180628776550292969e+00
1.150732755661010742e+00
1.643299102783203125e+00
1.068144321441650391e+00
9.108054637908935547e-01
1.215607643127441406e+00
1.268565177917480469e+00
1.250850439071655273e+00
1.065614461898803711e+00
1.539268732070922852e+00
1.179903507232666016e+00
1.256814479827880859e+00
7.262611389160156250e-01
1.023477315902709961e+00
7.640334963798522949e-01
1.317178726196289062e+00
1.079694271087646484e+00
7.450914978981018066e-01
7.016963958740234375e-01
7.596207857131958008e-01
1.086291313171386719e+00
4.043561816215515137e-01
1.172869801521301270e+00
1.087309002876281738e+00
1.066486120223999023e+00
1.777876734733581543e+00
1.408846616744995117e+00
1.017579078674316406e+00
1.176037073135375977e+00
6.928216218948364258e-01
9.287962913513183594e-01
1.416483759880065918e+00
1.275746703147888184e+00
1.277597188949584961e+00
1.632678151130676270e+00
1.115912437438964844e+00
9.184458851814270020e-01
1.789200782775878906e+00
9.093458652496337891e-01
1.105142593383789062e+00
1.219594359397888184e+00
9.676430821418762207e-01
1.730603456497192383e+00
1.309396505355834961e+00
1.124485731124877930e+00
1.160969853401184082e+00
9.644316434860229492e-01
1.110098600387573242e+00
1.018997192382812500e+00
6.575270891189575195e-01
1.291736006736755371e+00
1.183814048767089844e+00
1.212985396385192871e+00
1.116534948348999023e+00
1.770157933235168457e+00
1.251211166381835938e+00
1.639108180999755859e+00
6.856542825698852539e-01
1.589563608169555664e+00
1.250133037567138672e+00
1.244538068771362305e+00
9.861720800399780273e-01
1.206422924995422363e+00
1.002002239227294922e+00
1.260157823562622070e+00
1.131912946701049805e+00
8.609814643859863281e-01
1.232663631439208984e+00
4.626268744468688965e-01
6.669073104858398438e-01
6.740131378173828125e-01
1.016761064529418945e+00
1.367274403572082520e+00
1.007861614227294922e+00
7.179147005081176758e-01
7.735806703567504883e-01
1.034188270568847656e+00
1.316229701042175293e+00
8.190889954566955566e-01
1.006694078445434570e+00
1.147521853446960449e+00
1.148713350296020508e+00
1.404294013977050781e+00
1.217433214187622070e+00
8.912022113800048828e-01
1.901578903198242188e+00
1.527008771896362305e+00
1.058198690414428711e+00
1.505375623703002930e+00
1.037265300750732422e+00
1.679627180099487305e+00
1.061123490333557129e+00
1.014804601669311523e+00
1.253802299499511719e+00
1.242839336395263672e+00
1.065075874328613281e+00
8.811519145965576172e-01
1.172113060951232910e+00
4.491670131683349609e-01
1.939569592475891113e+00
1.176757335662841797e+00
1.177199363708496094e+00
1.456984400749206543e+00
8.248331546783447266e-01
7.147342562675476074e-01
1.438992977142333984e+00
1.529727578163146973e+00
1.574300289154052734e+00
1.276026844978332520e+00
1.276026844978332520e+00
1.747984886169433594e+00
1.414053797721862793e+00
1.659020185470581055e+00
1.862275600433349609e+00
1.032147169113159180e+00
1.712465524673461914e+00
1.629968643188476562e+00
7.747304439544677734e-01
1.201452255249023438e+00
9.837995767593383789e-01
7.305966615676879883e-01
1.058199882507324219e+00
1.681459665298461914e+00
1.504979848861694336e+00
1.657768726348876953e+00
1.650213956832885742e+00
1.733219146728515625e+00
1.232169747352600098e+00
1.258884429931640625e+00
1.496048331260681152e+00
1.592503666877746582e+00
1.074450492858886719e+00
1.205492734909057617e+00
1.634206295013427734e+00
7.975395917892456055e-01
1.403542757034301758e+00
1.337741613388061523e+00
1.337741613388061523e+00
1.337741613388061523e+00
8.222669363021850586e-01
1.091196060180664062e+00
1.640012741088867188e+00
1.212121725082397461e+00
4.887596964836120605e-01
1.567515730857849121e+00
8.124498128890991211e-01
8.124498128890991211e-01
7.871870994567871094e-01
1.513827562332153320e+00
1.103520631790161133e+00
5.994685292243957520e-01
1.347297072410583496e+00
1.563975811004638672e+00
1.882843494415283203e+00
1.101827740669250488e+00
1.801918745040893555e+00
1.156921863555908203e+00
1.142275094985961914e+00
1.220780134201049805e+00
1.511943936347961426e+00
1.857269525527954102e+00
1.292730927467346191e+00
1.597379684448242188e+00
1.457608222961425781e+00
8.299674987792968750e-01
1.905711174011230469e+00
8.523952960968017578e-01
1.795818328857421875e+00
2.146547317504882812e+00
1.315362095832824707e+00
1.402885675430297852e+00
1.230216264724731445e+00
1.993566751480102539e+00
1.791157722473144531e+00
1.829698562622070312e+00
1.142258882522583008e+00
1.116369724273681641e+00
1.262664675712585449e+00
1.504387617111206055e+00
1.660288929939270020e+00
1.239520072937011719e+00
1.193108558654785156e+00
1.359674096107482910e+00
2.533198595046997070e-01
9.890681505203247070e-01
1.216579556465148926e+00
7.709028720855712891e-01
8.299669027328491211e-01
1.288591384887695312e+00
7.970654964447021484e-01
1.555989623069763184e+00
8.163110017776489258e-01
8.221566081047058105e-01
8.352143168449401855e-01
8.613740801811218262e-01
1.172140002250671387e+00
1.849921703338623047e+00
7.960461974143981934e-01
1.847559213638305664e+00
9.849903583526611328e-01
6.475984454154968262e-01
1.599897027015686035e+00
1.311545252799987793e+00
8.277949094772338867e-01
8.190727233886718750e-01
1.124405860900878906e+00
1.841018438339233398e+00
1.256209850311279297e+00
1.276023864746093750e+00
3.793709278106689453e-01
4.228140711784362793e-01
8.483459949493408203e-01
1.768105626106262207e+00
9.873476028442382812e-01
1.835047483444213867e+00
1.174569964408874512e+00
1.196433663368225098e+00
1.272866010665893555e+00
1.679624557495117188e+00
1.679624557495117188e+00
1.389986515045166016e+00
1.664670944213867188e+00
1.854019880294799805e+00
1.187756299972534180e+00
1.187756299972534180e+00
1.187756299972534180e+00
8.586531877517700195e-01
1.284342765808105469e+00
1.410610675811767578e+00
8.899191021919250488e-01
1.954553127288818359e+00
1.775952100753784180e+00
1.775952100753784180e+00
1.287042021751403809e+00
1.203786611557006836e+00
1.195964097976684570e+00
1.770201325416564941e+00
1.783980369567871094e+00
1.248481392860412598e+00
1.296524524688720703e+00
1.526974678039550781e+00
1.659647107124328613e+00
1.654685139656066895e+00
1.413697481155395508e+00
1.479066848754882812e+00
1.356458663940429688e+00
1.304443001747131348e+00
8.488059043884277344e-01
1.305948853492736816e+00
1.697114109992980957e+00
5.459259748458862305e-01
1.307030081748962402e+00
1.504783630371093750e+00
1.899618148803710938e+00
1.418089389801025391e+00
5.300087928771972656e-01
1.310813426971435547e+00
1.220070838928222656e+00
1.551444053649902344e+00
1.315260648727416992e+00
1.724226117134094238e+00
6.586951613426208496e-01
1.317600727081298828e+00
1.237878441810607910e+00
5.392953753471374512e-01
1.826431512832641602e+00
4.454141855239868164e-01
5.375773310661315918e-01
4.660382270812988281e-01
5.186668634414672852e-01
1.327480077743530273e+00
1.419786334037780762e+00
4.565523862838745117e-01
1.843814253807067871e+00
1.655753135681152344e+00
5.014749765396118164e-01
1.358885169029235840e+00
1.203951835632324219e+00
1.337749004364013672e+00
1.339143753051757812e+00
1.681958794593811035e+00
1.344806194305419922e+00
1.452179431915283203e+00
1.687495827674865723e+00
1.606626033782958984e+00
1.769191503524780273e+00
1.354243278503417969e+00
1.355025291442871094e+00
1.507148265838623047e+00
1.924023628234863281e+00
1.649518251419067383e+00
1.883679151535034180e+00
1.361467599868774414e+00
1.460754871368408203e+00
1.396272659301757812e+00
1.787195444107055664e+00
1.055328845977783203e+00
1.312665820121765137e+00
1.861741781234741211e+00
1.698809266090393066e+00
1.431572675704956055e+00
1.431572675704956055e+00
9.573948979377746582e-01
4.969796538352966309e-01
1.442078232765197754e+00
1.309593796730041504e+00
1.349833250045776367e+00
1.371714591979980469e+00
1.790391564369201660e+00
1.818180084228515625e+00
1.765177130699157715e+00
1.537038087844848633e+00
1.637649774551391602e+00
1.884461998939514160e+00
1.378215074539184570e+00
1.498506426811218262e+00
1.382608413696289062e+00
1.375130414962768555e+00
1.387609124183654785e+00
1.384524583816528320e+00
2.139186859130859375e+00
1.569592714309692383e+00
1.882152557373046875e+00
1.974718809127807617e+00
4.301059246063232422e-01
1.009134769439697266e+00
1.380147933959960938e+00
1.839089870452880859e+00
1.887404918670654297e+00
1.328461170196533203e+00
1.067243337631225586e+00
2.112905502319335938e+00
1.382114529609680176e+00
1.439244389533996582e+00
5.520111322402954102e-01
1.067853212356567383e+00
5.274689793586730957e-01
1.765798091888427734e+00
4.912853837013244629e-01
1.639929771423339844e+00
1.580420136451721191e+00
1.375842928886413574e+00
1.873643755912780762e+00
1.252916097640991211e+00
1.400567412376403809e+00
1.402496576309204102e+00
4.839911460876464844e-01
1.905752062797546387e+00
1.444870829582214355e+00
1.681918621063232422e+00
1.264783382415771484e+00
5.302647352218627930e-01
1.321038722991943359e+00
1.659300088882446289e+00
1.851246953010559082e+00
1.411017894744873047e+00
5.210120081901550293e-01
1.824156880378723145e+00
1.712808489799499512e+00
1.124381303787231445e+00
6.928606629371643066e-01
1.424871563911437988e+00
1.830580234527587891e+00
1.776817798614501953e+00
1.966042399406433105e+00
1.584164023399353027e+00
1.847876667976379395e+00
1.419242024421691895e+00
1.637881875038146973e+00
1.419475913047790527e+00
6.338480710983276367e-01
1.940258264541625977e+00
1.536886811256408691e+00
6.785690188407897949e-01
1.170243024826049805e+00
1.561909794807434082e+00
1.177595734596252441e+00
1.127385735511779785e+00
1.425300598144531250e+00
1.080257177352905273e+00
1.554337978363037109e+00
2.087018489837646484e+00
1.431123018264770508e+00
1.432561635971069336e+00
1.962656259536743164e+00
5.397218465805053711e-01
1.937242031097412109e+00
6.894301176071166992e-01
1.416908383369445801e+00
1.661179542541503906e+00
1.680547714233398438e+00
1.424703001976013184e+00
2.123437404632568359e+00
1.441193342208862305e+00
2.044055223464965820e+00
1.443488717079162598e+00
1.315412759780883789e+00
1.768768429756164551e+00
2.022969961166381836e+00
2.118556737899780273e+00
1.592425823211669922e+00
1.744009971618652344e+00
1.779737472534179688e+00
1.100476980209350586e+00
1.554858922958374023e+00
1.259160280227661133e+00
1.450173616409301758e+00
1.454766035079956055e+00
8.729844689369201660e-01
1.443693041801452637e+00
1.860987424850463867e+00
1.725740790367126465e+00
1.705865383148193359e+00
1.897826790809631348e+00
1.897826790809631348e+00
1.541239380836486816e+00
1.576682686805725098e+00
1.767088770866394043e+00
1.942687511444091797e+00
1.671582102775573730e+00
1.372059345245361328e+00
2.398456573486328125e+00
1.778539896011352539e+00
1.064014196395874023e+00
7.121690511703491211e-01
1.629604816436767578e+00
1.970184087753295898e+00
6.467830538749694824e-01
1.786931753158569336e+00
1.473469972610473633e+00
2.065168380737304688e+00
1.845164179801940918e+00
1.547459006309509277e+00
1.517910361289978027e+00
1.621842384338378906e+00
1.330773234367370605e+00
1.681665778160095215e+00
2.145518541336059570e+00
1.997857213020324707e+00
1.490396618843078613e+00
1.978682518005371094e+00
2.106099128723144531e+00
1.493125081062316895e+00
5.374583601951599121e-01
1.579695701599121094e+00
1.490626335144042969e+00
1.496529817581176758e+00
1.656289100646972656e+00
1.499811649322509766e+00
5.994082093238830566e-01
1.799701213836669922e+00
1.884846210479736328e+00
2.421367406845092773e+00
1.504273414611816406e+00
1.634927272796630859e+00
2.031604290008544922e+00
1.983876466751098633e+00
2.010906934738159180e+00
5.579317212104797363e-01
1.927449107170104980e+00
1.859750270843505859e+00
1.987357378005981445e+00
1.372917890548706055e+00
1.399895906448364258e+00
2.030395746231079102e+00
2.101777315139770508e+00
1.876969099044799805e+00
1.876969099044799805e+00
2.026132583618164062e+00
1.968084335327148438e+00
1.921719670295715332e+00
1.525693178176879883e+00
1.017590165138244629e+00
1.526858806610107422e+00
1.970213413238525391e+00
1.320799946784973145e+00
1.521781682968139648e+00
4.568142890930175781e-01
1.980369448661804199e+00
1.627927660942077637e+00
1.627927660942077637e+00
1.865909337997436523e+00
1.865909337997436523e+00
1.530901908874511719e+00
1.072358965873718262e+00
1.515824556350708008e+00
2.012508392333984375e+00
1.841182708740234375e+00
2.140498399734497070e+00
5.125249624252319336e-01
1.633493304252624512e+00
2.290666103363037109e+00
1.544403791427612305e+00
1.800643920898437500e+00
1.557226777076721191e+00
1.613563776016235352e+00
1.741810798645019531e+00
2.063427209854125977e+00
1.554418325424194336e+00
1.221134662628173828e+00
1.701339483261108398e+00
1.304358124732971191e+00
1.885433793067932129e+00
1.593277692794799805e+00
1.559319496154785156e+00
1.607534646987915039e+00
2.029361009597778320e+00
1.931733608245849609e+00
1.158075213432312012e+00
1.627226471900939941e+00
1.463819742202758789e+00
1.537971735000610352e+00
1.566414237022399902e+00
6.420862674713134766e-01
1.568333625793457031e+00
1.571839451789855957e+00
1.054718732833862305e+00
1.572322726249694824e+00
1.581708192825317383e+00
1.582152724266052246e+00
1.583105444908142090e+00
1.666886448860168457e+00
1.585587501525878906e+00
2.201003551483154297e+00
1.586466431617736816e+00
1.587314128875732422e+00
1.995834827423095703e+00
1.588940739631652832e+00
1.601755499839782715e+00
1.280529856681823730e+00
1.593584299087524414e+00
1.750147819519042969e+00
1.667065143585205078e+00
1.434142589569091797e+00
1.613331556320190430e+00
7.161207199096679688e-01
1.617317557334899902e+00
1.607510328292846680e+00
1.709556818008422852e+00
1.962923288345336914e+00
1.598901629447937012e+00
1.536695480346679688e+00
1.945177793502807617e+00
1.667156577110290527e+00
1.774712562561035156e+00
1.616469383239746094e+00
1.857842683792114258e+00
1.655260205268859863e+00
8.129263520240783691e-01
1.626130342483520508e+00
1.672935247421264648e+00
1.792394638061523438e+00
1.976982951164245605e+00
2.097714662551879883e+00
1.354851126670837402e+00
7.231786251068115234e-01
2.013158798217773438e+00
1.313874363899230957e+00
6.160151958465576172e-01
1.362973213195800781e+00
1.984095573425292969e+00
1.589576959609985352e+00
2.035344123840332031e+00
1.644894838333129883e+00
1.892679214477539062e+00
1.382851481437683105e+00
1.594266057014465332e+00
2.278817892074584961e+00
1.674227237701416016e+00
1.670524477958679199e+00
2.270835638046264648e+00
2.207539796829223633e+00
1.790734052658081055e+00
1.664078593254089355e+00
1.664514780044555664e+00
1.817419648170471191e+00
2.079736471176147461e+00
1.656192779541015625e+00
1.931602954864501953e+00
7.208992838859558105e-01
1.813194274902343750e+00
1.976389884948730469e+00
1.675060987472534180e+00
1.654851555824279785e+00
1.679054498672485352e+00
1.753896951675415039e+00
1.680948019027709961e+00
1.500915527343750000e+00
1.791529178619384766e+00
1.831419587135314941e+00
1.685188055038452148e+00
1.701612114906311035e+00
2.654158592224121094e+00
2.166287422180175781e+00
1.134877681732177734e+00
2.055016279220581055e+00
1.370924592018127441e+00
1.816341876983642578e+00
2.273492097854614258e+00
2.223196268081665039e+00
2.272736072540283203e+00
2.663922786712646484e+00
2.240136623382568359e+00
1.830145001411437988e+00
1.709868431091308594e+00
1.709886550903320312e+00
1.710176229476928711e+00
1.754441022872924805e+00
2.200535058975219727e+00
1.774441003799438477e+00
2.232865571975708008e+00
2.167780876159667969e+00
1.715725421905517578e+00
1.716364860534667969e+00
1.716584682464599609e+00
1.790748119354248047e+00
2.366299152374267578e+00
2.122516632080078125e+00
3.046157360076904297e+00
1.721362590789794922e+00
1.620254397392272949e+00
1.791930079460144043e+00
1.237850666046142578e+00
5.136400461196899414e-01
1.707465410232543945e+00
1.701414227485656738e+00
2.180092334747314453e+00
2.329111099243164062e+00
1.777717590332031250e+00
1.795869350433349609e+00
1.681882143020629883e+00
1.657531619071960449e+00
1.030445575714111328e+00
1.417709112167358398e+00
2.354780912399291992e+00
1.734454989433288574e+00
2.089374780654907227e+00
2.096805572509765625e+00
2.704215049743652344e+00
1.652694821357727051e+00
1.737260222434997559e+00
2.341646909713745117e+00
2.266802072525024414e+00
2.110104084014892578e+00
1.723785638809204102e+00
1.935876727104187012e+00
1.814561724662780762e+00
6.848278045654296875e-01
2.072622060775756836e+00
1.749224424362182617e+00
2.558364391326904297e+00
2.014588356018066406e+00
2.203794717788696289e+00
1.752928256988525391e+00
1.738356947898864746e+00
2.381299734115600586e+00
2.030021667480468750e+00
1.758977770805358887e+00
1.626232624053955078e+00
1.743625760078430176e+00
1.414874911308288574e+00
2.056101560592651367e+00
2.280304431915283203e+00
1.812090873718261719e+00
1.672462224960327148e+00
1.757283329963684082e+00
1.866246938705444336e+00
2.590019941329956055e+00
2.063246965408325195e+00
1.982804656028747559e+00
2.074861764907836914e+00
1.955827474594116211e+00
2.170223951339721680e+00
2.240973234176635742e+00
1.896296858787536621e+00
2.019398450851440430e+00
1.896432042121887207e+00
2.151935815811157227e+00
1.785394310951232910e+00
8.935505747795104980e-01
1.783747076988220215e+00
1.762376308441162109e+00
8.492086529731750488e-01
2.179650306701660156e+00
1.790145874023437500e+00
2.083929061889648438e+00
1.270750522613525391e+00
2.187231540679931641e+00
1.795058012008666992e+00
2.010228395462036133e+00
1.799305677413940430e+00
2.284884214401245117e+00
2.021056652069091797e+00
1.766470551490783691e+00
1.880450129508972168e+00
2.290588140487670898e+00
1.809381961822509766e+00
2.091376066207885742e+00
1.936243891716003418e+00
1.348875999450683594e+00
1.816303491592407227e+00
1.878446817398071289e+00
1.818946719169616699e+00
1.708290338516235352e+00
1.800843715667724609e+00
1.821262836456298828e+00
2.537220001220703125e+00
2.298432350158691406e+00
1.806663990020751953e+00
2.573958158493041992e+00
1.692987680435180664e+00
2.268595218658447266e+00
1.830430746078491211e+00
1.856194376945495605e+00
2.050258398056030273e+00
2.115487098693847656e+00
7.531596422195434570e-01
1.890282034873962402e+00
1.900470495223999023e+00
1.849599719047546387e+00
2.258104562759399414e+00
1.970118999481201172e+00
1.853302717208862305e+00
1.959976434707641602e+00
1.836736321449279785e+00
1.857071161270141602e+00
1.841714024543762207e+00
1.861273288726806641e+00
1.861280322074890137e+00
1.844719290733337402e+00
1.865878343582153320e+00
1.866713881492614746e+00
1.866862773895263672e+00
2.164379596710205078e+00
1.614627957344055176e+00
1.507240772247314453e+00
1.906132340431213379e+00
1.317131876945495605e+00
1.421419382095336914e+00
3.137300252914428711e+00
2.021721124649047852e+00
2.195377588272094727e+00
1.863802194595336914e+00
1.968783020973205566e+00
2.081764221191406250e+00
1.889434099197387695e+00
1.892538785934448242e+00
1.886947393417358398e+00
1.731994748115539551e+00
2.417972564697265625e+00
1.896000862121582031e+00
2.168439865112304688e+00
1.494269251823425293e+00
3.231048107147216797e+00
1.885499835014343262e+00
2.006675720214843750e+00
1.951972961425781250e+00
1.903632164001464844e+00
1.906639099121093750e+00
1.907348632812500000e+00
2.289690017700195312e+00
1.513732314109802246e+00
2.046964883804321289e+00
1.896621584892272949e+00
1.915440082550048828e+00
2.589637994766235352e+00
1.897243976593017578e+00
1.920009136199951172e+00
1.954265236854553223e+00
2.630034446716308594e+00
1.903001070022583008e+00
1.994274735450744629e+00
2.393180847167968750e+00
2.582167625427246094e+00
1.674531936645507812e+00
1.929195404052734375e+00
1.738509654998779297e+00
1.925257802009582520e+00
3.154975175857543945e+00
1.975329041481018066e+00
2.318400144577026367e+00
1.912565708160400391e+00
2.527805805206298828e+00
2.267238378524780273e+00
2.295724630355834961e+00
2.322146177291870117e+00
1.885730266571044922e+00
2.240169763565063477e+00
2.078539371490478516e+00
1.949743747711181641e+00
1.970012903213500977e+00
1.870823025703430176e+00
1.842016339302062988e+00
2.490286350250244141e+00
1.961732387542724609e+00
2.282903194427490234e+00
2.705652236938476562e+00
1.956108927726745605e+00
2.007121324539184570e+00
1.960297107696533203e+00
2.627565145492553711e+00
2.417092084884643555e+00
1.962988018989562988e+00
2.333549022674560547e+00
1.963984489440917969e+00
1.965741872787475586e+00
1.881105661392211914e+00
1.972074270248413086e+00
1.951187372207641602e+00
1.922320008277893066e+00
2.082952737808227539e+00
2.393349647521972656e+00
1.311794042587280273e+00
2.234021425247192383e+00
2.231493473052978516e+00
1.982216358184814453e+00
2.379636764526367188e+00
1.982331514358520508e+00
2.532106876373291016e+00
2.106596231460571289e+00
1.964107871055603027e+00
2.772079944610595703e+00
1.987234830856323242e+00
1.989084720611572266e+00
1.990225553512573242e+00
1.991010665893554688e+00
2.206724166870117188e+00
1.840842604637145996e+00
2.137222290039062500e+00
1.832225084304809570e+00
1.965546488761901855e+00
1.979977369308471680e+00
1.967032074928283691e+00
2.650056838989257812e+00
2.023078441619873047e+00
1.662484765052795410e+00
1.829028725624084473e+00
2.005460023880004883e+00
2.042395353317260742e+00
1.815279960632324219e+00
2.220588207244873047e+00
2.044781446456909180e+00
2.444483757019042969e+00
2.012459039688110352e+00
2.389360666275024414e+00
2.013707876205444336e+00
2.015330314636230469e+00
2.114632606506347656e+00
1.927636504173278809e+00
2.340356349945068359e+00
2.597085952758789062e+00
2.019257068634033203e+00
2.019257068634033203e+00
2.019724369049072266e+00
2.020268917083740234e+00
1.998540043830871582e+00
2.117719888687133789e+00
2.644483089447021484e+00
2.278137922286987305e+00
2.834250688552856445e+00
2.029348134994506836e+00
2.429170131683349609e+00
1.963264584541320801e+00
2.197926998138427734e+00
2.032941341400146484e+00
2.458067655563354492e+00
2.032763242721557617e+00
2.040114402770996094e+00
2.255125999450683594e+00
2.041080951690673828e+00
2.171546459197998047e+00
2.042392730712890625e+00
2.158034086227416992e+00
2.202225208282470703e+00
3.271378755569458008e+00
2.063234329223632812e+00
2.046249151229858398e+00
2.400497198104858398e+00
2.035491228103637695e+00
2.672165155410766602e+00
2.161746025085449219e+00
2.052990913391113281e+00
1.997073650360107422e+00
2.359703302383422852e+00
1.973453998565673828e+00
1.907914638519287109e+00
2.885400056838989258e+00
3.677044868469238281e+00
2.038391590118408203e+00
2.048436164855957031e+00
2.256748676300048828e+00
2.200954198837280273e+00
2.066242694854736328e+00
3.050859451293945312e+00
2.081030368804931641e+00
2.148566007614135742e+00
1.921740531921386719e+00
2.047005176544189453e+00
2.077242374420166016e+00
2.252941131591796875e+00
2.169055938720703125e+00
2.798275947570800781e+00
2.054777860641479492e+00
2.396246433258056641e+00
2.562357187271118164e+00
2.083856344223022461e+00
2.262748479843139648e+00
2.085956573486328125e+00
2.086377382278442383e+00
2.086665868759155273e+00
2.375364542007446289e+00
2.535120248794555664e+00
2.157740831375122070e+00
2.775228977203369141e+00
2.054132223129272461e+00
1.985736012458801270e+00
2.114641666412353516e+00
2.236128091812133789e+00
2.419309139251708984e+00
2.097896099090576172e+00
2.100442409515380859e+00
2.672337532043457031e+00
2.285623788833618164e+00
2.102474451065063477e+00
2.126679182052612305e+00
2.237484216690063477e+00
2.104108333587646484e+00
1.816388845443725586e+00
2.105988979339599609e+00
2.765236139297485352e+00
2.172714710235595703e+00
2.139716148376464844e+00
2.361090183258056641e+00
2.457344293594360352e+00
2.219047307968139648e+00
2.179136037826538086e+00
2.864867925643920898e+00
9.338240623474121094e-01
2.194006443023681641e+00
1.968478560447692871e+00
2.123810052871704102e+00
2.125349521636962891e+00
2.485468387603759766e+00
2.342017412185668945e+00
2.645216464996337891e+00
2.253711462020874023e+00
2.507692337036132812e+00
2.141404151916503906e+00
2.093039274215698242e+00
2.135020017623901367e+00
2.732829093933105469e+00
2.195271253585815430e+00
2.143759250640869141e+00
2.656319141387939453e+00
2.868129253387451172e+00
2.391092061996459961e+00
2.146612405776977539e+00
2.102306604385375977e+00
2.521178722381591797e+00
2.157946348190307617e+00
2.219478368759155273e+00
1.977559328079223633e+00
2.150755643844604492e+00
2.691854953765869141e+00
2.112305402755737305e+00
2.154461383819580078e+00
2.155937194824218750e+00
2.599204778671264648e+00
2.162170648574829102e+00
2.450360536575317383e+00
1.892061948776245117e+00
2.065139293670654297e+00
2.212528467178344727e+00
2.385173320770263672e+00
2.352520942687988281e+00
2.172832012176513672e+00
2.172996997833251953e+00
2.033819437026977539e+00
2.174630165100097656e+00
2.964971542358398438e+00
2.183216571807861328e+00
2.297712564468383789e+00
2.156132221221923828e+00
2.209468841552734375e+00
1.888608932495117188e+00
2.396692991256713867e+00
1.948413372039794922e+00
2.723000526428222656e+00
2.190361976623535156e+00
2.194906473159790039e+00
2.439873933792114258e+00
1.915960073471069336e+00
2.208705663681030273e+00
2.196370840072631836e+00
2.576092481613159180e+00
2.197666883468627930e+00
1.969565987586975098e+00
2.306107759475708008e+00
2.602072238922119141e+00
1.998365521430969238e+00
2.708843231201171875e+00
1.799788475036621094e+00
2.308563947677612305e+00
2.178518056869506836e+00
1.985120534896850586e+00
2.984037876129150391e+00
2.096416711807250977e+00
2.909524917602539062e+00
2.290670394897460938e+00
2.383136272430419922e+00
2.580287218093872070e+00
2.450653314590454102e+00
2.227811813354492188e+00
2.546545982360839844e+00
2.487436771392822266e+00
2.230413675308227539e+00
2.418152093887329102e+00
2.273357391357421875e+00
2.215778350830078125e+00
2.232829332351684570e+00
2.236821651458740234e+00
2.947207927703857422e+00
2.043588161468505859e+00
2.348882913589477539e+00
2.241603851318359375e+00
2.936393976211547852e+00
2.161868810653686523e+00
2.246964931488037109e+00
2.248347282409667969e+00
2.534907341003417969e+00
2.978364229202270508e+00
2.457653522491455078e+00
2.068601369857788086e+00
2.124127864837646484e+00
2.238056182861328125e+00
2.813510417938232422e+00
1.842478275299072266e+00
2.820766210556030273e+00
2.463258028030395508e+00
2.525059223175048828e+00
2.302775382995605469e+00
2.589474439620971680e+00
2.266715288162231445e+00
2.098566055297851562e+00
2.202990055084228516e+00
2.284228801727294922e+00
2.232194900512695312e+00
2.357327938079833984e+00
2.394694805145263672e+00
2.152759790420532227e+00
2.119009733200073242e+00
2.268717050552368164e+00
2.455726146697998047e+00
2.218469381332397461e+00
2.778990268707275391e+00
2.278424263000488281e+00
2.279027462005615234e+00
2.278454780578613281e+00
2.279931545257568359e+00
2.437998533248901367e+00
2.374158382415771484e+00
2.759767055511474609e+00
2.401238679885864258e+00
2.029607057571411133e+00
2.269946336746215820e+00
1.826464295387268066e+00
2.946997165679931641e+00
2.346568822860717773e+00
2.293467283248901367e+00
2.676311492919921875e+00
2.617070913314819336e+00
2.295115470886230469e+00
2.641205310821533203e+00
2.301140546798706055e+00
1.766390085220336914e+00
2.802769422531127930e+00
4.683157444000244141e+00
2.449102163314819336e+00
2.512233257293701172e+00
2.308210372924804688e+00
2.308276653289794922e+00
3.169513940811157227e+00
2.381242513656616211e+00
2.310695171356201172e+00
2.146719694137573242e+00
2.130184888839721680e+00
2.316144466400146484e+00
2.448910236358642578e+00
2.317933320999145508e+00
3.403902053833007812e+00
2.535464763641357422e+00
2.381226778030395508e+00
2.381529331207275391e+00
2.246728897094726562e+00
2.333683967590332031e+00
2.588742256164550781e+00
2.274026393890380859e+00
3.367164611816406250e+00
2.792815685272216797e+00
2.337646961212158203e+00
2.403565645217895508e+00
2.268253326416015625e+00
2.427939176559448242e+00
2.174401521682739258e+00
2.563448667526245117e+00
3.009445667266845703e+00
2.295553922653198242e+00
3.266474962234497070e+00
2.252376079559326172e+00
2.379629611968994141e+00
2.327285051345825195e+00
2.353042602539062500e+00
2.336468935012817383e+00
2.548922538757324219e+00
2.566742897033691406e+00
3.079412460327148438e+00
2.310975551605224609e+00
2.714999198913574219e+00
2.363123893737792969e+00
2.539238452911376953e+00
2.312480211257934570e+00
2.367605209350585938e+00
2.314341545104980469e+00
2.371184349060058594e+00
2.163496255874633789e+00
2.391171455383300781e+00
2.186535120010375977e+00
2.331786632537841797e+00
2.376698017120361328e+00
2.192137718200683594e+00
2.833783149719238281e+00
2.351548910140991211e+00
2.380504608154296875e+00
2.381141662597656250e+00
2.383674621582031250e+00
2.568075180053710938e+00
3.021645545959472656e+00
2.390339374542236328e+00
2.387192249298095703e+00
2.387543678283691406e+00
2.457513093948364258e+00
2.492267131805419922e+00
2.373283863067626953e+00
2.392003536224365234e+00
2.392414093017578125e+00
2.561286926269531250e+00
2.700447082519531250e+00
3.981616497039794922e+00
2.576451539993286133e+00
2.401294231414794922e+00
2.178662061691284180e+00
2.718048334121704102e+00
2.403729438781738281e+00
2.405532836914062500e+00
2.547668218612670898e+00
2.406180858612060547e+00
2.488963842391967773e+00
2.527636289596557617e+00
2.292862415313720703e+00
2.621748447418212891e+00
2.514341115951538086e+00
2.716810941696166992e+00
2.419790267944335938e+00
2.491982460021972656e+00
2.379721403121948242e+00
3.075498342514038086e+00
2.810737609863281250e+00
2.521552562713623047e+00
2.429893970489501953e+00
3.199535846710205078e+00
2.441238164901733398e+00
2.874935865402221680e+00
2.435066223144531250e+00
2.435915470123291016e+00
2.739047288894653320e+00
3.034783601760864258e+00
2.439161777496337891e+00
2.439895629882812500e+00
2.440907001495361328e+00
2.901128768920898438e+00
2.556307554244995117e+00
2.448169231414794922e+00
2.448580265045166016e+00
2.321279764175415039e+00
2.450430393218994141e+00
1.696130752563476562e+00
2.635468959808349609e+00
2.635468959808349609e+00
2.456760883331298828e+00
2.457124233245849609e+00
2.565340042114257812e+00
2.457752704620361328e+00
2.295635461807250977e+00
2.459403991699218750e+00
2.380234003067016602e+00
3.025505542755126953e+00
2.804168462753295898e+00
2.449033498764038086e+00
2.844214916229248047e+00
2.562741518020629883e+00
2.795637130737304688e+00
2.443966388702392578e+00
2.306330680847167969e+00
2.475168704986572266e+00
2.610146999359130859e+00
2.523913860321044922e+00
2.974099397659301758e+00
2.478704452514648438e+00
2.847091197967529297e+00
2.479357004165649414e+00
2.467047214508056641e+00
2.488035202026367188e+00
2.489189147949218750e+00
2.490959644317626953e+00
2.492062568664550781e+00
2.756805181503295898e+00
2.863952159881591797e+00
2.156349658966064453e+00
2.469172477722167969e+00
2.499879837036132812e+00
2.645785331726074219e+00
2.503334522247314453e+00
2.503532171249389648e+00
2.198728322982788086e+00
2.742973804473876953e+00
2.506422996520996094e+00
2.455616950988769531e+00
2.506717443466186523e+00
2.499848842620849609e+00
2.575990438461303711e+00
2.991369724273681641e+00
2.510901927947998047e+00
3.264418601989746094e+00
2.657298088073730469e+00
2.512635707855224609e+00
2.634363174438476562e+00
2.513455390930175781e+00
3.447213649749755859e+00
2.519041061401367188e+00
2.538305759429931641e+00
2.521495342254638672e+00
3.560804843902587891e+00
2.524119853973388672e+00
2.524927139282226562e+00
2.527747869491577148e+00
2.469201087951660156e+00
2.627258300781250000e+00
2.531330108642578125e+00
2.533285617828369141e+00
2.533285617828369141e+00
2.533285617828369141e+00
2.533360481262207031e+00
2.793370962142944336e+00
2.716780185699462891e+00
2.536687374114990234e+00
3.143211841583251953e+00
2.539902687072753906e+00
3.507599830627441406e+00
2.678870916366577148e+00
2.678870916366577148e+00
2.541051864624023438e+00
2.510399580001831055e+00
2.763024568557739258e+00
2.543746948242187500e+00
3.375511407852172852e+00
3.153370380401611328e+00
2.518759727478027344e+00
2.692675828933715820e+00
3.007350921630859375e+00
2.817960023880004883e+00
2.509469747543334961e+00
2.685112714767456055e+00
2.969791412353515625e+00
2.572427511215209961e+00
2.595994234085083008e+00
