-1.685796976089477539e+00
1.555559039115905762e+00
4.125662446022033691e-01
3.021126389503479004e-01
-3.371779993176460266e-02
-7.873304188251495361e-02
-1.914514899253845215e-01
2.107217311859130859e-01
3.765500783920288086e-01
1.301005482673645020e-01
2.528824210166931152e-01
3.016495704650878906e-01
-7.381564378738403320e-01
4.649334773421287537e-02
-2.016880661249160767e-01
-1.175431609153747559e+00
2.290459871292114258e-01
2.184524834156036377e-01
3.258923292160034180e-01
-2.508198916912078857e-01
-2.331272661685943604e-01
-2.280585914850234985e-01
-2.403174042701721191e-01
-2.776880860328674316e-01
7.186248302459716797e-01
-2.212751060724258423e-01
-9.403884410858154297e-02
-2.477888315916061401e-01
2.587151527404785156e-01
-2.578084766864776611e-01
-2.291706651449203491e-01
2.652262449264526367e-01
2.274428755044937134e-01
-3.233931958675384521e-02
3.524129390716552734e-01
2.900519371032714844e-01
3.031080961227416992e-01
2.240539342164993286e-01
-1.204087615013122559e+00
3.164638876914978027e-01
2.588972449302673340e-01
3.598158806562423706e-02
-2.054685056209564209e-01
-1.790822297334671021e-01
2.021426111459732056e-01
-1.210113912820816040e-01
3.367424011230468750e-01
2.654595971107482910e-01
-2.367031574249267578e-01
3.593901991844177246e-01
3.453043699264526367e-01
-4.904353618621826172e-01
2.639397978782653809e-01
7.317508459091186523e-01
-3.499614447355270386e-02
1.136808395385742188e+00
9.845615029335021973e-01
2.739689350128173828e-01
-2.264569252729415894e-01
-2.448251396417617798e-01
-9.120300412178039551e-03
-2.505510449409484863e-01
1.565326094627380371e+00
2.655068039894104004e-01
1.485909968614578247e-01
3.779028058052062988e-01
-2.404890656471252441e-01
-1.828688979148864746e-01
2.797522544860839844e-01
2.963120341300964355e-01
3.092406392097473145e-01
-6.226273775100708008e-01
3.811522722244262695e-01
-1.441855132579803467e-01
-2.254557311534881592e-01
-1.558642387390136719e-01
2.890201807022094727e-01
1.912862062454223633e-04
-1.950820535421371460e-01
3.832861185073852539e-01
2.999500632286071777e-01
-1.540239304304122925e-01
3.347316384315490723e-01
2.733398079872131348e-01
5.772041678428649902e-01
3.289722204208374023e-01
7.144153714179992676e-01
3.359959423542022705e-01
-9.986986964941024780e-02
1.428390622138977051e+00
4.010044932365417480e-01
-7.166837453842163086e-01
6.020677089691162109e-01
1.231631636619567871e+00
-6.611989140510559082e-01
3.416714668273925781e-01
-1.529593765735626221e-01
3.404345810413360596e-01
-4.872235655784606934e-01
3.738812208175659180e-01
2.791415750980377197e-01
3.096151351928710938e-01
-4.038321673870086670e-01
-2.198661714792251587e-01
2.088236063718795776e-01
-1.376249790191650391e-01
1.312535047531127930e+00
1.782481074333190918e-01
1.678958535194396973e-01
2.373061776161193848e-01
-2.116937935352325439e-02
1.960185766220092773e-01
6.577856093645095825e-02
-1.572976410388946533e-01
-2.364512979984283447e-01
-9.331418573856353760e-02
-1.126677155494689941e+00
-4.240487217903137207e-01
-1.393935680389404297e-01
8.201010525226593018e-02
1.593800306320190430e+00
-1.884288489818572998e-01
7.865028381347656250e-01
-1.085857674479484558e-01
1.098529219627380371e+00
-1.729560643434524536e-01
3.816719055175781250e-01
3.746395707130432129e-01
1.288374960422515869e-01
4.150605797767639160e-01
-5.309185385704040527e-01
3.516156077384948730e-01
-1.333086490631103516e-01
1.066770926117897034e-01
4.238419234752655029e-01
-7.922276854515075684e-02
1.282618045806884766e-01
2.887988388538360596e-01
4.763223230838775635e-03
1.497717797756195068e-01
-7.963488996028900146e-02
3.031373023986816406e-01
2.353306114673614502e-02
6.575554609298706055e-03
-4.740138351917266846e-01
-9.801939129829406738e-02
1.740498304367065430e+00
-1.336627155542373657e-01
-1.510112285614013672e-01
-9.890264272689819336e-02
1.870707869529724121e-01
5.356788635253906250e-01
8.340984582901000977e-01
2.382696568965911865e-01
2.351835221052169800e-01
-8.883512020111083984e-02
3.345118165016174316e-01
-5.410789251327514648e-01
1.766819059848785400e-01
1.358196258544921875e+00
3.597144186496734619e-01
7.904482632875442505e-02
-6.116623878479003906e-01
1.608826518058776855e-01
2.576519250869750977e-01
3.469425439834594727e-01
2.366605103015899658e-01
3.757381737232208252e-01
-2.653872489929199219e+00
2.189088314771652222e-01
-1.804374754428863525e-01
7.873742580413818359e-01
-1.081275820732116699e+00
1.078465431928634644e-01
3.850665092468261719e-01
1.815265119075775146e-01
-5.664223432540893555e-02
2.180944383144378662e-01
7.447340488433837891e-01
1.059325560927391052e-01
-1.664988696575164795e-01
4.028224647045135498e-01
2.417264878749847412e-01
2.107263356447219849e-01
3.558625578880310059e-01
1.452623307704925537e-01
3.737187385559082031e-01
-6.032329797744750977e-01
-1.141689121723175049e-01
2.817159891128540039e-01
-8.422674238681793213e-02
3.477799892425537109e-01
3.618152141571044922e-01
4.716975986957550049e-02
4.529896378517150879e-01
6.897391378879547119e-02
4.572796821594238281e-02
3.802831768989562988e-01
3.832046985626220703e-01
-1.227955818176269531e-01
1.970911622047424316e-01
1.945754587650299072e-01
2.251648902893066406e-01
3.190746903419494629e-01
7.739076763391494751e-02
1.042488962411880493e-01
2.747499942779541016e-01
3.589518070220947266e-01
4.029593467712402344e-01
1.568781137466430664e-01
-7.341028749942779541e-02
1.124764680862426758e+00
-1.236518502235412598e+00
1.361364424228668213e-01
-5.158411860466003418e-01
-8.145648241043090820e-02
6.556540131568908691e-01
4.962052404880523682e-02
3.625231981277465820e-01
5.171595811843872070e-01
8.807885646820068359e-02
-2.172444313764572144e-01
5.740822851657867432e-02
-3.173753619194030762e-02
-1.539032936096191406e+00
1.556447982788085938e+00
1.044190406799316406e+00
2.129321694374084473e-01
3.903542757034301758e-01
3.709579706192016602e-01
5.142845511436462402e-01
3.031440973281860352e-01
1.323129057884216309e+00
-6.860834360122680664e-02
1.866037249565124512e-01
4.211498796939849854e-01
-4.218946397304534912e-02
-1.293973177671432495e-01
2.768622040748596191e-01
-7.117472589015960693e-02
1.441875845193862915e-01
4.528242945671081543e-01
-1.218565225601196289e+00
4.025658369064331055e-01
-1.198795884847640991e-01
4.305633306503295898e-01
1.074575930833816528e-01
1.718607246875762939e-01
4.032922387123107910e-01
4.384626448154449463e-01
4.120603799819946289e-01
4.021034240722656250e-01
9.600925445556640625e-02
1.446693986654281616e-01
2.358446717262268066e-01
4.074047207832336426e-01
2.709919810295104980e-01
2.682941854000091553e-01
1.360944867134094238e+00
1.344328761100769043e+00
-4.135149717330932617e-02
1.066392511129379272e-01
-9.239321947097778320e-02
9.946955442428588867e-01
2.397073358297348022e-01
1.351547002792358398e+00
4.830662906169891357e-01
4.250197410583496094e-01
-6.627580523490905762e-02
3.489103317260742188e-01
4.298987388610839844e-01
1.812901049852371216e-01
4.394188523292541504e-01
-5.515223741531372070e-01
-3.640176355838775635e-02
1.613822877407073975e-01
-5.189943909645080566e-01
4.595760703086853027e-01
4.452483952045440674e-01
-4.048684239387512207e-02
4.488581418991088867e-01
2.208672463893890381e-01
-5.523400008678436279e-02
1.564950495958328247e-01
9.548082947731018066e-02
1.218231320381164551e-01
3.670456707477569580e-01
5.898788571357727051e-01
5.276725292205810547e-01
-6.566832959651947021e-02
-3.757333755493164062e-02
1.678165644407272339e-01
2.737724781036376953e-01
-5.382936000823974609e-01
6.419508457183837891e-01
2.007954716682434082e-01
-3.548833727836608887e-02
4.646501541137695312e-01
4.215419292449951172e-01
2.665042281150817871e-01
4.014931917190551758e-01
2.799759805202484131e-01
8.242246508598327637e-01
4.031610488891601562e-01
-1.739355921745300293e-02
4.668706655502319336e-01
4.603788256645202637e-01
4.515686035156250000e-01
4.386089444160461426e-01
-1.066161692142486572e-01
1.447022795677185059e+00
8.370438814163208008e-01
1.513602733612060547e+00
8.460263013839721680e-01
5.376980304718017578e-01
-6.796777248382568359e-02
1.711289584636688232e-01
2.241344004869461060e-01
3.871911764144897461e-02
3.115635514259338379e-01
2.746433615684509277e-01
4.532545804977416992e-01
4.348720014095306396e-01
4.815014898777008057e-01
5.295455455780029297e-01
1.808167546987533569e-01
9.040325880050659180e-01
1.752803087234497070e+00
4.417307376861572266e-01
6.471083760261535645e-01
3.213160037994384766e-01
8.547097444534301758e-03
3.943461775779724121e-01
5.584434270858764648e-01
4.505403935909271240e-01
5.596215724945068359e-01
4.808914661407470703e-01
1.425237208604812622e-01
-6.170329451560974121e-02
2.090865075588226318e-01
8.171251416206359863e-01
-5.380998849868774414e-01
4.689417183399200439e-01
2.203974723815917969e+00
1.309937387704849243e-01
-5.408447384834289551e-01
2.374818801879882812e+00
9.924120903015136719e-01
4.654399752616882324e-01
5.803906917572021484e-01
2.300013005733489990e-01
3.168261945247650146e-01
4.732185900211334229e-01
5.608478188514709473e-01
3.526189923286437988e-01
5.746515989303588867e-01
5.158152580261230469e-01
3.433612287044525146e-01
3.197019398212432861e-01
3.113989830017089844e-01
2.633181512355804443e-01
4.744321107864379883e-01
4.744321107864379883e-01
2.468911707401275635e-01
5.757040977478027344e-01
-3.489628434181213379e-02
4.186411499977111816e-01
4.815310835838317871e-01
8.239236474037170410e-02
-3.745013475418090820e-02
2.955366969108581543e-01
1.480354070663452148e-01
2.495662271976470947e-01
5.698070526123046875e-01
5.189716219902038574e-01
-3.293544054031372070e-03
2.640201747417449951e-01
2.327555418014526367e-02
7.492269873619079590e-01
4.987903237342834473e-01
5.669355988502502441e-01
5.669355988502502441e-01
-1.300725817680358887e+00
6.033540964126586914e-01
8.513855934143066406e-01
4.373741149902343750e-02
3.658674657344818115e-01
-9.769022464752197266e-03
6.609657406806945801e-01
5.487548708915710449e-01
3.863588869571685791e-01
6.632698774337768555e-01
6.632698774337768555e-01
5.781075358390808105e-01
7.020772695541381836e-01
2.512430846691131592e-01
6.395328044891357422e-01
5.227598547935485840e-02
2.078699022531509399e-01
6.396887302398681641e-01
8.277546167373657227e-01
3.524055182933807373e-01
8.928411602973937988e-01
4.546493291854858398e-02
3.597093522548675537e-01
4.574997425079345703e-01
6.559862494468688965e-01
-3.006118535995483398e-02
3.775199651718139648e-01
5.017783641815185547e-01
5.990241765975952148e-01
2.852554023265838623e-01
5.763903260231018066e-02
2.377926409244537354e-01
3.776466250419616699e-01
3.492087721824645996e-01
3.793899714946746826e-01
3.315564990043640137e-01
6.275862455368041992e-03
2.567699551582336426e-01
6.664471626281738281e-01
1.517554640769958496e+00
4.233760237693786621e-01
8.712845444679260254e-01
-1.115468740463256836e-01
6.726833581924438477e-01
3.239933848381042480e-01
1.753806591033935547e+00
3.992436528205871582e-01
6.515614390373229980e-01
7.091268897056579590e-02
3.324942290782928467e-01
8.820626139640808105e-01
5.983035564422607422e-01
6.160125136375427246e-02
9.134228825569152832e-01
6.279819607734680176e-01
2.267072796821594238e-01
2.187040328979492188e+00
8.857967257499694824e-01
6.705884933471679688e-01
-1.077528715133666992e+00
2.870371937751770020e-02
6.262185573577880859e-01
2.755078673362731934e-01
5.431123971939086914e-01
2.228454828262329102e+00
6.117039322853088379e-01
1.227295994758605957e-01
3.748380839824676514e-01
4.023439586162567139e-01
4.878649115562438965e-02
5.535627603530883789e-01
6.097331047058105469e-01
7.439155578613281250e-01
2.187121868133544922e+00
4.406421184539794922e-01
6.602172851562500000e-01
5.062477588653564453e-01
3.650969862937927246e-01
3.552576303482055664e-01
5.602177381515502930e-01
6.511858701705932617e-01
4.392750859260559082e-01
6.391332745552062988e-01
6.391332745552062988e-01
4.688051939010620117e-01
-9.553042650222778320e-01
9.140958189964294434e-01
5.477700233459472656e-01
3.708800375461578369e-01
6.566698551177978516e-01
1.602219194173812866e-01
5.661734938621520996e-01
6.618666648864746094e-01
6.484656333923339844e-01
1.055433154106140137e-01
4.225900769233703613e-01
3.681064546108245850e-01
5.803003311157226562e-01
1.039853453636169434e+00
6.900908946990966797e-01
6.846265792846679688e-01
6.478003263473510742e-01
7.293311357498168945e-01
6.818767189979553223e-01
9.168062806129455566e-01
9.503837227821350098e-01
1.007869243621826172e+00
6.600226163864135742e-01
6.405474543571472168e-01
6.405474543571472168e-01
9.044038653373718262e-01
6.475051641464233398e-01
5.933737754821777344e-01
1.915574669837951660e+00
6.817101240158081055e-01
7.017085552215576172e-01
-4.545718133449554443e-01
6.459742784500122070e-01
1.090148091316223145e-01
7.372554540634155273e-01
3.035464882850646973e-02
1.690969914197921753e-01
9.904417395591735840e-02
8.483962416648864746e-01
6.603182554244995117e-01
1.704840809106826782e-01
6.663661003112792969e-01
9.151018261909484863e-01
9.355069994926452637e-01
8.329187035560607910e-01
6.971175670623779297e-01
7.126700878143310547e-01
7.141175866127014160e-02
8.480823040008544922e-02
1.112475395202636719e-01
1.163505911827087402e-01
1.714118719100952148e+00
4.756833612918853760e-01
8.639098405838012695e-01
1.667857766151428223e-01
5.861849188804626465e-01
1.466131210327148438e-01
5.510126352310180664e-01
6.396374702453613281e-01
3.226397335529327393e-01
3.208093047142028809e-01
7.311455011367797852e-01
1.436279118061065674e-01
8.386533260345458984e-01
7.337728738784790039e-01
1.439892351627349854e-01
5.233599543571472168e-01
9.824604988098144531e-01
3.383326530456542969e-01
4.801810681819915771e-01
1.123328506946563721e-01
5.893536210060119629e-01
1.251473724842071533e-01
1.283064484596252441e-01
6.150540709495544434e-01
4.877303540706634521e-01
5.025533437728881836e-01
5.187464356422424316e-01
9.780350327491760254e-01
3.416821360588073730e-01
9.451987743377685547e-01
7.025247812271118164e-01
6.821905374526977539e-01
9.866708517074584961e-02
8.539547920227050781e-01
-9.047468304634094238e-01
9.841154813766479492e-01
7.215648889541625977e-01
2.173452079296112061e-01
7.107080221176147461e-01
7.168744802474975586e-01
9.273095726966857910e-01
1.375066280364990234e+00
1.022561073303222656e+00
6.022788882255554199e-01
1.338908672332763672e-01
6.575584411621093750e-01
7.902433872222900391e-01
9.613898396492004395e-01
1.282769441604614258e-01
6.981785893440246582e-01
1.497128248214721680e+00
5.084980130195617676e-01
7.067978382110595703e-01
2.467711687088012695e+00
5.878067612648010254e-01
3.940540850162506104e-01
4.244462847709655762e-01
7.093969583511352539e-01
4.104182124137878418e-01
1.040542125701904297e-02
4.946680068969726562e-01
7.347773909568786621e-01
7.719645500183105469e-01
2.206809282302856445e+00
1.031592786312103271e-01
5.007480382919311523e-01
1.630988955497741699e+00
6.427854895591735840e-01
5.321244001388549805e-01
1.930890798568725586e+00
5.046424865722656250e-01
7.436988353729248047e-01
1.893832683563232422e-01
9.719542860984802246e-01
1.283241748809814453e+00
6.752505302429199219e-01
5.567077398300170898e-01
1.709529459476470947e-01
5.295398235321044922e-01
5.325882434844970703e-01
6.935894489288330078e-01
7.445057034492492676e-01
7.445057034492492676e-01
6.951357722282409668e-01
3.093017637729644775e-01
5.443220734596252441e-01
5.384424328804016113e-01
1.538124382495880127e-01
6.960797309875488281e-01
8.843332529067993164e-02
8.652987480163574219e-01
6.714028120040893555e-01
1.637063622474670410e-01
7.243526577949523926e-01
8.814751505851745605e-01
7.400574684143066406e-01
7.146069407463073730e-01
7.049154043197631836e-01
2.624391317367553711e-01
9.492565989494323730e-01
7.316346168518066406e-01
1.595183610916137695e-01
9.875007867813110352e-01
7.617194652557373047e-01
5.271083712577819824e-01
1.099696755409240723e+00
5.965527296066284180e-01
7.460771203041076660e-01
1.514266431331634521e-01
7.634395360946655273e-01
8.959176540374755859e-01
1.971196889877319336e+00
1.091903686523437500e+00
1.760794222354888916e-01
5.110836029052734375e-01
5.110836029052734375e-01
5.852003097534179688e-01
8.025428056716918945e-01
8.507016301155090332e-01
7.222979068756103516e-01
1.856333017349243164e-01
5.719271302223205566e-01
1.884535551071166992e-01
6.992732286453247070e-01
5.460882782936096191e-01
1.989200711250305176e-01
7.671072483062744141e-01
1.092756986618041992e+00
9.666750431060791016e-01
7.469988465309143066e-01
1.490660905838012695e-01
7.406514286994934082e-01
6.788069009780883789e-01
7.317939996719360352e-01
9.746665954589843750e-01
7.603112459182739258e-01
6.551474928855895996e-01
3.881677985191345215e-01
2.047299146652221680e-01
1.074494242668151855e+00
9.393212795257568359e-01
6.511681675910949707e-01
7.113938927650451660e-01
7.498285770416259766e-01
2.273066997528076172e+00
1.561140418052673340e-01
2.173378944396972656e+00
9.709914326667785645e-01
7.682780027389526367e-01
1.007424354553222656e+00
7.721165418624877930e-01
2.167596817016601562e+00
6.871134042739868164e-01
1.019631266593933105e+00
6.310837268829345703e-01
8.889647722244262695e-01
1.752957701683044434e-01
1.953435659408569336e+00
4.554129540920257568e-01
8.375229239463806152e-01
9.128241539001464844e-01
2.160096645355224609e+00
8.072940111160278320e-01
2.324316263198852539e+00
7.468509078025817871e-01
2.091533243656158447e-01
1.970525979995727539e-01
5.966970920562744141e-01
7.654618024826049805e-01
7.780977487564086914e-01
5.767288804054260254e-01
7.786537408828735352e-01
7.786537408828735352e-01
7.577293515205383301e-01
7.797949910163879395e-01
6.809912919998168945e-01
8.101073503494262695e-01
2.331148982048034668e-01
7.500651478767395020e-01
7.589066624641418457e-01
6.874644160270690918e-01
8.672409057617187500e-01
6.084281206130981445e-01
6.835737824440002441e-01
8.338915109634399414e-01
1.080352187156677246e+00
9.426251649856567383e-01
2.558122575283050537e-01
2.370487213134765625e+00
9.938939809799194336e-01
2.424944639205932617e+00
9.073866605758666992e-01
7.748755812644958496e-01
7.704443931579589844e-01
5.608144402503967285e-01
8.004601001739501953e-01
6.575161218643188477e-01
7.541441917419433594e-01
1.075073719024658203e+00
2.106285691261291504e-01
1.778374314308166504e-01
7.381519079208374023e-01
9.364739060401916504e-01
8.253457546234130859e-01
7.053647041320800781e-01
9.332770109176635742e-01
4.938760399818420410e-01
1.618640542030334473e+00
5.482805967330932617e-01
6.356465220451354980e-01
7.929445505142211914e-01
8.407870531082153320e-01
-8.370754718780517578e-01
2.421070337295532227e-01
4.330421388149261475e-01
6.358902454376220703e-01
8.831735849380493164e-01
1.956553161144256592e-01
7.822839617729187012e-01
6.102190017700195312e-01
6.297058463096618652e-01
7.457943558692932129e-01
7.014244198799133301e-01
8.851024508476257324e-01
1.234359979629516602e+00
8.433724641799926758e-01
8.317317962646484375e-01
8.356521129608154297e-01
8.079077005386352539e-01
1.965931415557861328e+00
2.570384979248046875e+00
6.085196137428283691e-01
2.442781925201416016e-01
6.409427523612976074e-01
8.572216033935546875e-01
2.335135936737060547e-01
7.943692803382873535e-01
8.023667335510253906e-01
7.368797659873962402e-01
6.387637853622436523e-01
6.597474217414855957e-01
7.564209699630737305e-01
8.321129083633422852e-01
8.128132224082946777e-01
7.155032753944396973e-01
2.385118007659912109e-01
2.385118007659912109e-01
4.301260113716125488e-01
6.282587051391601562e-01
1.098835110664367676e+00
8.801708221435546875e-01
7.798597812652587891e-01
7.861273288726806641e-01
2.505602538585662842e-01
7.892794013023376465e-01
7.636853456497192383e-01
1.004130601882934570e+00
8.396688103675842285e-01
7.786124944686889648e-01
2.423601150512695312e-01
2.161422371864318848e-01
1.907138824462890625e+00
2.543893158435821533e-01
1.100334405899047852e+00
8.245229721069335938e-01
1.028707504272460938e+00
7.946227192878723145e-01
2.394408881664276123e-01
1.021571040153503418e+00
7.416811585426330566e-01
8.130764961242675781e-01
2.439249455928802490e-01
1.020002365112304688e+00
8.120982050895690918e-01
1.067578792572021484e+00
7.995717525482177734e-01
1.056926012039184570e+00
1.062602877616882324e+00
7.846820354461669922e-01
9.874572753906250000e-01
-1.051700115203857422e-01
1.677851676940917969e+00
8.079113364219665527e-01
4.876947999000549316e-01
9.374542236328125000e-01
6.423567533493041992e-01
7.781024575233459473e-01
1.672978043556213379e+00
2.346672117710113525e-01
8.872911334037780762e-01
8.200613260269165039e-01
1.072142362594604492e+00
7.609375119209289551e-01
8.305907249450683594e-01
2.652093768119812012e-01
6.572825908660888672e-01
6.361961960792541504e-01
8.168276548385620117e-01
6.826612949371337891e-01
8.512823581695556641e-01
8.557019829750061035e-01
7.082216143608093262e-01
3.422722816467285156e-01
9.422442913055419922e-01
1.127980828285217285e+00
1.127980828285217285e+00
7.831068038940429688e-01
7.286056280136108398e-01
9.406928420066833496e-01
8.323805332183837891e-01
2.060722351074218750e+00
-1.082834959030151367e+00
2.857164144515991211e-01
5.921151638031005859e-01
1.001501441001892090e+00
8.123764395713806152e-01
6.938304901123046875e-01
8.662728071212768555e-01
1.012734532356262207e+00
2.428346157073974609e+00
7.337914705276489258e-01
8.249533176422119141e-01
4.518103599548339844e-01
8.273008465766906738e-01
8.273008465766906738e-01
8.273008465766906738e-01
1.006642699241638184e+00
8.629035949707031250e-01
8.535394072532653809e-01
2.678027451038360596e-01
8.378382921218872070e-01
5.524880886077880859e-01
8.310254812240600586e-01
3.669265806674957275e-01
3.213865458965301514e-01
3.921856880187988281e-01
-2.151089906692504883e-02
8.321621417999267578e-01
8.509811162948608398e-01
8.297579884529113770e-01
8.559788465499877930e-01
8.298250436782836914e-01
6.096240282058715820e-01
1.687222361564636230e+00
8.356017470359802246e-01
8.356017470359802246e-01
8.356017470359802246e-01
8.356017470359802246e-01
8.356017470359802246e-01
7.550801634788513184e-01
8.553144931793212891e-01
2.391439437866210938e+00
2.762849926948547363e-01
-1.196163177490234375e+00
9.261190295219421387e-01
2.838149368762969971e-01
6.645693778991699219e-01
8.675712347030639648e-01
8.397991657257080078e-01
8.714157342910766602e-01
8.714157342910766602e-01
1.033738136291503906e+00
6.626713871955871582e-01
2.236355781555175781e+00
8.278565406799316406e-01
8.397759199142456055e-01
8.397759199142456055e-01
8.397759199142456055e-01
1.795924663543701172e+00
1.015509366989135742e+00
9.923613071441650391e-01
6.717409491539001465e-01
8.601180911064147949e-01
7.027220726013183594e-01
1.034351468086242676e+00
1.054303407669067383e+00
7.549446821212768555e-01
9.129075407981872559e-01
8.350970149040222168e-01
1.197270154953002930e+00
6.744024157524108887e-01
7.495397329330444336e-01
7.650127410888671875e-01
6.307087540626525879e-01
8.321825265884399414e-01
7.581850290298461914e-01
2.523821830749511719e+00
2.523821830749511719e+00
8.386963009834289551e-01
8.650354146957397461e-01
8.458644151687622070e-01
8.552830219268798828e-01
9.941961765289306641e-01
8.470467329025268555e-01
8.761267662048339844e-01
6.373508572578430176e-01
7.595340609550476074e-01
1.162401914596557617e+00
6.766731739044189453e-01
8.367119431495666504e-01
7.696243524551391602e-01
4.742980599403381348e-01
6.704966425895690918e-01
6.789065003395080566e-01
6.775357127189636230e-01
9.077899456024169922e-01
2.918889820575714111e-01
7.065271735191345215e-01
1.061574697494506836e+00
1.099714159965515137e+00
1.088431000709533691e+00
1.165109634399414062e+00
8.618096113204956055e-01
8.618096113204956055e-01
7.668327689170837402e-01
5.026391744613647461e-01
7.870464324951171875e-01
6.826891303062438965e-01
6.829307079315185547e-01
6.861975193023681641e-01
7.745518684387207031e-01
8.431828022003173828e-01
7.028580307960510254e-01
1.002530694007873535e+00
7.687992453575134277e-01
8.435907959938049316e-01
8.657845258712768555e-01
2.696205139160156250e+00
8.570101261138916016e-01
8.673726320266723633e-01
8.673726320266723633e-01
1.035512447357177734e+00
8.634219169616699219e-01
1.106774806976318359e+00
7.462362647056579590e-01
8.120328187942504883e-01
8.803983926773071289e-01
1.450740575790405273e+00
7.071090936660766602e-01
9.460797309875488281e-01
8.487513661384582520e-01
6.967340111732482910e-01
7.797858715057373047e-01
7.555369138717651367e-01
8.847459554672241211e-01
1.071092128753662109e+00
6.863451004028320312e-01
5.439026355743408203e-01
7.063033580780029297e-01
1.011075615882873535e+00
1.150999069213867188e+00
7.027472853660583496e-01
7.986924648284912109e-01
7.736810445785522461e-01
7.859264612197875977e-01
5.346351861953735352e-01
5.726086497306823730e-01
8.750245571136474609e-01
1.317923307418823242e+00
2.320601642131805420e-01
8.875515460968017578e-01
8.012802600860595703e-01
1.101866602897644043e+00
7.804230451583862305e-01
7.804230451583862305e-01
7.804230451583862305e-01
8.149138689041137695e-01
7.789018750190734863e-01
7.789018750190734863e-01
7.789018750190734863e-01
8.651164770126342773e-01
7.903679013252258301e-01
8.707017898559570312e-01
7.201777100563049316e-01
3.129054307937622070e-01
1.003857016563415527e+00
7.063952684402465820e-01
2.007174491882324219e+00
7.835863828659057617e-01
8.804441094398498535e-01
1.032815814018249512e+00
7.150241136550903320e-01
1.077522993087768555e+00
8.708313107490539551e-01
5.974551439285278320e-01
7.967366576194763184e-01
8.155927658081054688e-01
7.222601771354675293e-01
7.951937317848205566e-01
7.947337627410888672e-01
7.021380066871643066e-01
7.021380066871643066e-01
6.672968864440917969e-01
7.072989344596862793e-01
8.667623400688171387e-01
7.166282534599304199e-01
2.267153978347778320e+00
7.842726707458496094e-01
7.162159681320190430e-01
7.058277130126953125e-01
9.798436164855957031e-01
1.085031867027282715e+00
7.145159244537353516e-01
7.900896072387695312e-01
7.900896072387695312e-01
7.900896072387695312e-01
5.020892024040222168e-01
2.284859180450439453e+00
7.218787670135498047e-01
9.906584024429321289e-01
2.456705808639526367e+00
1.053898096084594727e+00
1.811991930007934570e+00
8.593891263008117676e-01
4.900369644165039062e-01
7.146618366241455078e-01
8.225785493850708008e-01
1.125402927398681641e+00
8.790332078933715820e-01
5.653172731399536133e-01
7.983310818672180176e-01
7.055121064186096191e-01
1.215978145599365234e+00
7.142409682273864746e-01
6.283636689186096191e-01
7.840960621833801270e-01
9.953673481941223145e-01
7.927166223526000977e-01
7.211316823959350586e-01
1.160964727401733398e+00
8.041002750396728516e-01
8.932712674140930176e-01
7.261815071105957031e-01
7.261815071105957031e-01
7.710227966308593750e-01
7.206355333328247070e-01
7.206355333328247070e-01
7.206355333328247070e-01
1.015856623649597168e+00
8.226299285888671875e-01
8.157199025154113770e-01
7.257355451583862305e-01
1.183684945106506348e+00
7.359305024147033691e-01
8.871974349021911621e-01
2.063081264495849609e+00
7.184970974922180176e-01
8.915104866027832031e-01
7.199862003326416016e-01
1.090533852577209473e+00
9.257206916809082031e-01
7.266058921813964844e-01
7.573893666267395020e-01
8.125692605972290039e-01
7.336500883102416992e-01
8.158969879150390625e-01
1.097729206085205078e+00
2.770721673965454102e+00
7.209793329238891602e-01
1.071955919265747070e+00
1.163806438446044922e+00
7.351466417312622070e-01
8.903369903564453125e-01
1.688732147216796875e+00
8.317085504531860352e-01
7.603785395622253418e-01
8.937890529632568359e-01
8.905331492424011230e-01
7.301905155181884766e-01
7.309716939926147461e-01
8.255546092987060547e-01
5.164156556129455566e-01
8.935517072677612305e-01
7.404066920280456543e-01
7.318265438079833984e-01
7.354411482810974121e-01
5.901374220848083496e-01
1.130007743835449219e+00
8.234548568725585938e-01
8.178810477256774902e-01
8.125572204589843750e-01
1.182621717453002930e+00
7.384904026985168457e-01
1.706080675125122070e+00
7.304283976554870605e-01
7.393339872360229492e-01
7.393339872360229492e-01
1.132709741592407227e+00
8.960962295532226562e-01
9.010505080223083496e-01
9.010505080223083496e-01
2.448253631591796875e+00
7.393580675125122070e-01
1.062516927719116211e+00
7.476896643638610840e-01
7.350707650184631348e-01
7.351927757263183594e-01
5.592342615127563477e-01
1.142716407775878906e+00
9.065887331962585449e-01
8.263055086135864258e-01
7.553176879882812500e-01
1.167961597442626953e+00
1.188754320144653320e+00
1.284673094749450684e+00
1.069761514663696289e+00
8.372295498847961426e-01
7.654563188552856445e-01
8.149083852767944336e-01
7.408763766288757324e-01
7.663376927375793457e-01
1.139620304107666016e+00
2.222053527832031250e+00
8.938817381858825684e-01
5.750615596771240234e-01
7.492266297340393066e-01
8.318371176719665527e-01
7.425900697708129883e-01
7.462896704673767090e-01
7.565892934799194336e-01
7.472888231277465820e-01
7.559142112731933594e-01
7.581044435501098633e-01
8.499191999435424805e-01
7.522425055503845215e-01
9.056879281997680664e-01
8.385202288627624512e-01
1.067200660705566406e+00
6.421597599983215332e-01
7.552146911621093750e-01
7.490122318267822266e-01
9.159579873085021973e-01
1.075766921043395996e+00
8.427354693412780762e-01
8.427354693412780762e-01
9.788527488708496094e-01
6.345232129096984863e-01
6.345232129096984863e-01
9.517202377319335938e-01
7.551643848419189453e-01
7.621562480926513672e-01
7.601643204689025879e-01
8.498443365097045898e-01
7.628380656242370605e-01
7.656697630882263184e-01
1.110965132713317871e+00
7.681556344032287598e-01
1.137449979782104492e+00
7.639663219451904297e-01
7.637612223625183105e-01
7.557127475738525391e-01
7.557127475738525391e-01
7.702476978302001953e-01
7.633751630783081055e-01
7.002932429313659668e-01
9.161931276321411133e-01
9.161931276321411133e-01
9.161931276321411133e-01
9.693609476089477539e-01
7.556911706924438477e-01
9.682623147964477539e-01
1.278851032257080078e+00
7.720599174499511719e-01
9.661775827407836914e-01
9.784532785415649414e-01
7.723649144172668457e-01
2.105666160583496094e+00
9.600838422775268555e-01
1.129464507102966309e+00
7.639379501342773438e-01
9.931143522262573242e-01
9.184292554855346680e-01
9.184292554855346680e-01
9.184292554855346680e-01
7.768658995628356934e-01
7.775723934173583984e-01
1.102327227592468262e+00
9.201020002365112305e-01
9.201020002365112305e-01
9.201020002365112305e-01
1.070496082305908203e+00
7.686823606491088867e-01
1.737170577049255371e+00
1.203424692153930664e+00
1.112286329269409180e+00
7.777557373046875000e-01
1.253312587738037109e+00
9.447486996650695801e-01
7.845230102539062500e-01
1.091818690299987793e+00
7.876812219619750977e-01
6.222056150436401367e-01
1.193242192268371582e+00
7.746728658676147461e-01
9.423537850379943848e-01
7.754259109497070312e-01
9.835891723632812500e-01
7.761711478233337402e-01
1.063710927963256836e+00
7.024965882301330566e-01
6.362118124961853027e-01
7.881216406822204590e-01
8.330308794975280762e-01
9.055203199386596680e-01
7.865381836891174316e-01
7.888714075088500977e-01
6.310284733772277832e-01
7.953371405601501465e-01
1.115384697914123535e+00
6.783532500267028809e-01
1.317063093185424805e+00
7.918097376823425293e-01
7.918097376823425293e-01
1.781036972999572754e+00
1.781036972999572754e+00
1.781036972999572754e+00
1.163686633110046387e+00
7.825133800506591797e-01
9.394761323928833008e-01
6.991320848464965820e-01
2.111753702163696289e+00
1.284484148025512695e+00
9.508751034736633301e-01
8.046395778656005859e-01
1.285849690437316895e+00
6.742116212844848633e-01
7.995069026947021484e-01
1.177108526229858398e+00
2.145503044128417969e+00
6.410870552062988281e-01
9.244977235794067383e-01
6.670524477958679199e-01
1.134496212005615234e+00
9.982681870460510254e-01
8.030343055725097656e-01
8.029205203056335449e-01
9.716048836708068848e-01
8.042052984237670898e-01
7.991213798522949219e-01
1.384757041931152344e+00
1.095573544502258301e+00
1.172559976577758789e+00
7.117466926574707031e-01
1.308491706848144531e+00
1.308491706848144531e+00
8.334183096885681152e-01
1.209678530693054199e+00
9.019559025764465332e-01
1.165685176849365234e+00
1.122775554656982422e+00
1.004552483558654785e+00
8.089339137077331543e-01
1.060441255569458008e+00
1.352384567260742188e+00
1.166615247726440430e+00
9.823453426361083984e-01
1.900043129920959473e+00
1.257240533828735352e+00
9.573721289634704590e-01
8.231951594352722168e-01
-3.488031625747680664e-01
-8.923898339271545410e-01
5.892008543014526367e-01
1.765031695365905762e+00
1.765031695365905762e+00
-7.678270339965820312e-03
2.400470256805419922e+00
9.290941357612609863e-01
1.794270992279052734e+00
1.794270992279052734e+00
1.296272993087768555e+00
1.136427521705627441e+00
2.722150802612304688e+00
8.709630966186523438e-01
8.778080940246582031e-01
6.823700070381164551e-01
2.155999660491943359e+00
1.804904937744140625e+00
8.472108244895935059e-01
1.139298677444458008e+00
9.904946684837341309e-01
8.326862454414367676e-01
1.140309691429138184e+00
6.490340232849121094e-01
1.247395277023315430e+00
9.671391248703002930e-01
8.448783755302429199e-01
7.154398560523986816e-01
1.146065711975097656e+00
1.146065711975097656e+00
1.145775318145751953e+00
6.762677431106567383e-01
8.786213994026184082e-01
1.083758950233459473e+00
1.091971516609191895e+00
1.110397219657897949e+00
1.237770199775695801e+00
1.199263572692871094e+00
1.255202889442443848e+00
8.572549819946289062e-01
1.336987018585205078e+00
1.323281049728393555e+00
1.388984918594360352e+00
1.010682821273803711e+00
1.206985831260681152e+00
5.453266501426696777e-01
6.235527992248535156e-01
1.088898539543151855e+00
6.729613542556762695e-01
6.917940974235534668e-01
1.123257160186767578e+00
6.390035152435302734e-01
1.200598120689392090e+00
2.017114877700805664e+00
8.877746462821960449e-01
1.059463262557983398e+00
1.236222982406616211e+00
1.266923785209655762e+00
1.131235241889953613e+00
8.689275383949279785e-01
1.266740322113037109e+00
6.481683850288391113e-01
1.164436340332031250e+00
8.738660812377929688e-01
2.459204673767089844e+00
1.170068144798278809e+00
1.196866393089294434e+00
2.061789035797119141e+00
9.934949278831481934e-01
1.182901740074157715e+00
1.324515223503112793e+00
9.949672222137451172e-01
1.303033232688903809e+00
1.814512133598327637e+00
1.814512133598327637e+00
9.799174666404724121e-01
1.311050891876220703e+00
1.024807929992675781e+00
1.024807929992675781e+00
1.313601732254028320e+00
7.995264530181884766e-01
-6.299261450767517090e-01
1.001883864402770996e+00
1.015173792839050293e+00
8.765297532081604004e-01
7.702204585075378418e-01
1.318048357963562012e+00
8.962450623512268066e-01
1.096766233444213867e+00
8.965255022048950195e-01
6.832194924354553223e-01
9.928784370422363281e-01
1.183267474174499512e+00
8.988038301467895508e-01
1.039240717887878418e+00
9.937998056411743164e-01
7.431578636169433594e-01
7.341867089271545410e-01
1.155442953109741211e+00
1.155442953109741211e+00
1.254793763160705566e+00
1.014885663986206055e+00
2.113496303558349609e+00
1.226529359817504883e+00
7.437413930892944336e-01
1.111386895179748535e+00
8.736252784729003906e-01
-5.430623292922973633e-01
1.306690692901611328e+00
1.179910540580749512e+00
1.093214035034179688e+00
1.000772476196289062e+00
1.243916869163513184e+00
7.559342384338378906e-01
1.036455631256103516e+00
1.039844155311584473e+00
2.368073463439941406e+00
1.378735661506652832e+00
9.112449288368225098e-01
9.839374423027038574e-01
7.495902776718139648e-01
1.126869201660156250e+00
1.092205882072448730e+00
6.704437732696533203e-01
2.588408946990966797e+00
1.336966514587402344e+00
1.151220917701721191e+00
1.205523729324340820e+00
2.382200241088867188e+00
1.209993600845336914e+00
8.896326422691345215e-01
1.164827823638916016e+00
1.504971027374267578e+00
6.971715688705444336e-01
1.125804305076599121e+00
1.057373762130737305e+00
1.059832453727722168e+00
1.036564230918884277e+00
1.954913020133972168e+00
1.159528255462646484e+00
1.016935467720031738e+00
1.062768816947937012e+00
1.615129709243774414e+00
1.009985208511352539e+00
2.403267860412597656e+00
8.980532884597778320e-01
1.222570776939392090e+00
1.467449903488159180e+00
1.388453960418701172e+00
1.144223809242248535e+00
2.557499885559082031e+00
1.091274023056030273e+00
1.091549992561340332e+00
1.207253932952880859e+00
1.427946805953979492e+00
8.410228490829467773e-01
1.044555664062500000e+00
1.352953672409057617e+00
1.030445694923400879e+00
8.760062456130981445e-01
1.330970764160156250e+00
1.100931644439697266e+00
1.055556297302246094e+00
9.491854310035705566e-01
1.113068819046020508e+00
1.017183065414428711e+00
9.375113844871520996e-01
9.488540291786193848e-01
7.441874742507934570e-01
1.974816799163818359e+00
1.102380752563476562e+00
1.864997029304504395e+00
8.458960652351379395e-01
8.334507942199707031e-01
9.067178368568420410e-01
1.071123003959655762e+00
1.071123003959655762e+00
1.038911104202270508e+00
2.805560588836669922e+00
1.092507004737854004e+00
1.283066034317016602e+00
1.232881307601928711e+00
1.094859600067138672e+00
1.050509452819824219e+00
1.193598151206970215e+00
2.273223161697387695e+00
4.724326431751251221e-01
1.105296492576599121e+00
1.113245606422424316e+00
1.044759869575500488e+00
1.108588576316833496e+00
6.784000396728515625e-01
2.727481842041015625e+00
1.321472167968750000e+00
1.071667671203613281e+00
1.040955543518066406e+00
1.044740557670593262e+00
1.884208440780639648e+00
1.125510811805725098e+00
1.089841723442077637e+00
1.060585498809814453e+00
1.083252072334289551e+00
1.133589744567871094e+00
1.346514701843261719e+00
1.083829045295715332e+00
9.918259978294372559e-01
7.670421004295349121e-01
1.370773315429687500e+00
1.039775013923645020e+00
2.060142993927001953e+00
2.011046886444091797e+00
1.296848416328430176e+00
1.169014692306518555e+00
1.003520965576171875e+00
1.172695636749267578e+00
1.104065656661987305e+00
2.245948553085327148e+00
2.303321838378906250e+00
1.210217118263244629e+00
1.776380062103271484e+00
7.284647822380065918e-01
1.138639450073242188e+00
1.138639450073242188e+00
1.254042863845825195e+00
9.573050141334533691e-01
1.117666363716125488e+00
1.368613958358764648e+00
1.180691242218017578e+00
1.188597083091735840e+00
8.810077905654907227e-01
2.882853507995605469e+00
1.779321908950805664e+00
1.383698344230651855e+00
1.581798791885375977e+00
-7.727375030517578125e-01
1.151875853538513184e+00
1.078810334205627441e+00
1.856738448143005371e+00
1.221660017967224121e+00
1.533271312713623047e+00
1.211187124252319336e+00
8.678342103958129883e-01
1.278298139572143555e+00
1.137623906135559082e+00
1.137623906135559082e+00
1.185347795486450195e+00
1.256843328475952148e+00
1.287337899208068848e+00
1.138894677162170410e+00
2.008366584777832031e+00
1.875293970108032227e+00
1.875293970108032227e+00
1.129844784736633301e+00
9.053280949592590332e-01
1.140165448188781738e+00
1.140165448188781738e+00
8.607845306396484375e-01
1.405467510223388672e+00
1.141436338424682617e+00
1.238488793373107910e+00
1.150712609291076660e+00
1.150712609291076660e+00
1.141523957252502441e+00
1.141523957252502441e+00
1.274383544921875000e+00
1.155132174491882324e+00
1.140760540962219238e+00
1.804062604904174805e+00
1.184901595115661621e+00
1.121332883834838867e+00
8.955633640289306641e-01
1.076053023338317871e+00
1.115261554718017578e+00
1.861501932144165039e+00
1.155400633811950684e+00
1.182751417160034180e+00
1.182751417160034180e+00
1.175932884216308594e+00
1.159458398818969727e+00
1.159458398818969727e+00
1.116101503372192383e+00
1.069326281547546387e+00
2.559640884399414062e+00
1.154875278472900391e+00
1.070522308349609375e+00
1.107153654098510742e+00
1.243388772010803223e+00
1.095937490463256836e+00
2.281113386154174805e+00
1.984352350234985352e+00
7.965251803398132324e-01
1.112558484077453613e+00
2.312903404235839844e+00
1.097115755081176758e+00
1.097115755081176758e+00
1.219205379486083984e+00
1.334659814834594727e+00
1.978116273880004883e+00
2.042245626449584961e+00
1.162434577941894531e+00
1.623803615570068359e+00
1.060005307197570801e+00
1.175163984298706055e+00
1.388153672218322754e+00
1.435706138610839844e+00
1.826435208320617676e+00
8.615981936454772949e-01
1.176715135574340820e+00
1.440204739570617676e+00
1.441219568252563477e+00
1.123367309570312500e+00
7.122196555137634277e-01
1.133754849433898926e+00
1.136552691459655762e+00
1.311836361885070801e+00
1.210074424743652344e+00
1.139205455780029297e+00
1.167549371719360352e+00
1.140550851821899414e+00
1.939233422279357910e+00
1.175350427627563477e+00
1.359247803688049316e+00
1.168879151344299316e+00
1.156547307968139648e+00
1.162953138351440430e+00
1.956273317337036133e+00
1.253070473670959473e+00
1.484894037246704102e+00
1.445324420928955078e+00
1.445324420928955078e+00
1.237889528274536133e+00
1.112390637397766113e+00
1.127984046936035156e+00
1.112531423568725586e+00
1.579808712005615234e+00
1.430908679962158203e+00
1.022720932960510254e+00
1.198916196823120117e+00
1.261388540267944336e+00
1.153838396072387695e+00
1.223084211349487305e+00
1.222056150436401367e+00
2.293057918548583984e+00
2.293057918548583984e+00
1.125743865966796875e+00
1.161184549331665039e+00
1.215821743011474609e+00
2.195290327072143555e+00
1.475069522857666016e+00
1.158924579620361328e+00
1.201924681663513184e+00
1.016966581344604492e+00
8.270091414451599121e-01
1.144504070281982422e+00
1.452876091003417969e+00
1.222451806068420410e+00
1.215061783790588379e+00
1.178301095962524414e+00
1.274160146713256836e+00
1.253029942512512207e+00
1.233835220336914062e+00
1.190200328826904297e+00
1.253832817077636719e+00
1.255131006240844727e+00
8.130075931549072266e-01
1.258152842521667480e+00
1.578427433967590332e+00
8.098331093788146973e-01
1.261745333671569824e+00
1.293704152107238770e+00
2.226256608963012695e+00
1.200456857681274414e+00
1.169735431671142578e+00
1.217871546745300293e+00
1.298975706100463867e+00
1.250740408897399902e+00
1.217940807342529297e+00
2.250276565551757812e+00
1.223738670349121094e+00
1.226670145988464355e+00
1.460295915603637695e+00
1.199899673461914062e+00
1.289439201354980469e+00
1.230618715286254883e+00
1.223341226577758789e+00
1.098824858665466309e+00
1.419266343116760254e+00
1.290432453155517578e+00
1.259794235229492188e+00
9.250411391258239746e-01
1.269515633583068848e+00
1.247804284095764160e+00
1.913957834243774414e+00
1.275418043136596680e+00
1.264123916625976562e+00
2.126810789108276367e+00
1.194673895835876465e+00
1.939796447753906250e+00
1.162137508392333984e+00
1.219192147254943848e+00
9.969068765640258789e-01
1.277528047561645508e+00
1.300925374031066895e+00
1.479797601699829102e+00
1.182499527931213379e+00
1.182499527931213379e+00
1.182499527931213379e+00
1.182499527931213379e+00
1.262346982955932617e+00
1.152802348136901855e+00
1.163195013999938965e+00
1.210039854049682617e+00
1.202901721000671387e+00
1.255845546722412109e+00
1.457041621208190918e+00
1.181561350822448730e+00
8.407494425773620605e-01
1.475527048110961914e+00
1.925925374031066895e+00
1.887053608894348145e+00
1.887053608894348145e+00
1.994849681854248047e+00
1.221177101135253906e+00
1.229091405868530273e+00
2.317593812942504883e+00
1.238887786865234375e+00
1.272445440292358398e+00
1.368275761604309082e+00
1.312411665916442871e+00
1.986547350883483887e+00
1.206844210624694824e+00
1.224732756614685059e+00
1.196820259094238281e+00
1.224105834960937500e+00
1.503762125968933105e+00
1.321023941040039062e+00
1.321023941040039062e+00
1.208563566207885742e+00
1.227534532546997070e+00
1.307426214218139648e+00
1.307426214218139648e+00
1.312103867530822754e+00
1.193019866943359375e+00
8.257677555084228516e-01
1.290713787078857422e+00
1.246044993400573730e+00
1.075313329696655273e+00
1.280740261077880859e+00
1.253466606140136719e+00
2.302456855773925781e+00
1.208055019378662109e+00
1.427162408828735352e+00
1.234713435173034668e+00
1.241050601005554199e+00
9.376005530357360840e-01
1.897547006607055664e+00
9.532098770141601562e-01
1.244520187377929688e+00
1.313390731811523438e+00
1.212329745292663574e+00
2.454684495925903320e+00
1.964518666267395020e+00
2.595795154571533203e+00
1.218098759651184082e+00
1.225608468055725098e+00
1.245192289352416992e+00
1.334221959114074707e+00
1.208122372627258301e+00
8.074667453765869141e-01
7.916407585144042969e-01
1.136008977890014648e+00
1.317677378654479980e+00
1.492365598678588867e+00
1.979203701019287109e+00
1.932409524917602539e+00
1.515570163726806641e+00
1.183572173118591309e+00
1.325860381126403809e+00
1.318928480148315430e+00
1.242435097694396973e+00
1.201015353202819824e+00
1.211992740631103516e+00
1.211992740631103516e+00
1.359450817108154297e+00
1.484977483749389648e+00
1.236486434936523438e+00
1.252721786499023438e+00
1.276092886924743652e+00
2.013158082962036133e+00
1.215651512145996094e+00
8.281999826431274414e-01
1.005656599998474121e+00
2.342336177825927734e+00
2.342336177825927734e+00
8.352650403976440430e-01
2.338582754135131836e+00
2.264158010482788086e+00
1.348520994186401367e+00
1.219995737075805664e+00
1.341844797134399414e+00
1.205277442932128906e+00
2.322320461273193359e+00
1.224055528640747070e+00
1.288266420364379883e+00
7.308179140090942383e-02
1.316327095031738281e+00
2.138788461685180664e+00
1.306327581405639648e+00
1.289860606193542480e+00
1.093201041221618652e+00
1.502981185913085938e+00
1.502981185913085938e+00
2.541084289550781250e+00
1.245022892951965332e+00
1.303814172744750977e+00
1.517155885696411133e+00
1.763348340988159180e+00
1.282379627227783203e+00
1.524894952774047852e+00
2.318868160247802734e+00
8.789745569229125977e-01
1.334003686904907227e+00
9.601093530654907227e-01
2.295892715454101562e+00
1.903765916824340820e+00
1.253802537918090820e+00
1.281578779220581055e+00
1.904892206192016602e+00
1.304397702217102051e+00
1.189093947410583496e+00
1.332777261734008789e+00
1.896598815917968750e+00
2.033472061157226562e+00
1.262356042861938477e+00
1.517669916152954102e+00
1.549752712249755859e+00
1.336534738540649414e+00
8.915997147560119629e-01
2.439309358596801758e+00
2.299310207366943359e+00
1.320266962051391602e+00
2.334983110427856445e+00
1.247750401496887207e+00
1.340501308441162109e+00
2.153541088104248047e+00
1.284230828285217285e+00
1.337337017059326172e+00
1.291100740432739258e+00
1.291100740432739258e+00
2.147587299346923828e+00
2.160143375396728516e+00
1.973978161811828613e+00
9.086559414863586426e-01
1.274081468582153320e+00
2.362341403961181641e+00
2.499123573303222656e+00
9.771202802658081055e-01
1.500422239303588867e+00
1.396204471588134766e+00
2.174821615219116211e+00
1.361587405204772949e+00
2.172982692718505859e+00
2.275029182434082031e+00
9.956181645393371582e-01
1.318300962448120117e+00
1.337765097618103027e+00
2.181028366088867188e+00
1.840370655059814453e+00
1.138429164886474609e+00
2.176716089248657227e+00
2.234328269958496094e+00
2.014472484588623047e+00
1.294209480285644531e+00
1.355099439620971680e+00
1.306446552276611328e+00
1.275392889976501465e+00
1.672621726989746094e+00
1.303264856338500977e+00
1.288789033889770508e+00
2.002493381500244141e+00
1.848307371139526367e+00
1.954107642173767090e+00
1.406857371330261230e+00
2.198121070861816406e+00
1.276962518692016602e+00
1.254967451095581055e+00
2.151800394058227539e+00
1.396623015403747559e+00
1.660325288772583008e+00
2.271953344345092773e+00
1.908974647521972656e+00
1.386203408241271973e+00
2.393887758255004883e+00
1.719238758087158203e+00
2.591621637344360352e+00
3.113634586334228516e+00
2.285422325134277344e+00
1.354596495628356934e+00
1.359852313995361328e+00
2.075370788574218750e+00
1.317766427993774414e+00
2.272637128829956055e+00
2.532070875167846680e+00
1.925645351409912109e+00
9.754243493080139160e-01
1.244782567024230957e+00
1.244782567024230957e+00
1.376767873764038086e+00
1.086230516433715820e+00
1.252277493476867676e+00
1.360800147056579590e+00
2.407701015472412109e+00
9.863275289535522461e-01
2.386235713958740234e+00
1.355935573577880859e+00
1.499515175819396973e+00
1.498130798339843750e+00
1.300812363624572754e+00
1.964176297187805176e+00
1.878073930740356445e+00
1.368892669677734375e+00
2.368093490600585938e+00
2.207536220550537109e+00
1.343950748443603516e+00
1.398986697196960449e+00
9.662697911262512207e-01
2.623784065246582031e+00
1.050746798515319824e+00
1.290915131568908691e+00
2.731998443603515625e+00
2.910931706428527832e-01
1.917207241058349609e+00
1.039772033691406250e+00
2.380601406097412109e+00
1.200541734695434570e+00
3.057419061660766602e+00
1.404074668884277344e+00
1.825398921966552734e+00
2.096084117889404297e+00
2.145732164382934570e+00
2.014604568481445312e+00
2.095335960388183594e+00
1.007620573043823242e+00
2.241938114166259766e+00
2.198064804077148438e+00
1.404932022094726562e+00
2.044674396514892578e+00
1.385374307632446289e+00
1.395932912826538086e+00
1.994055986404418945e+00
2.035045146942138672e+00
1.798893809318542480e+00
1.683646321296691895e+00
2.415653228759765625e+00
1.496756434440612793e+00
1.640426874160766602e+00
2.905502319335937500e+00
1.550803542137145996e+00
1.351144909858703613e+00
1.433991789817810059e+00
1.215047717094421387e+00
1.666188240051269531e+00
1.499513626098632812e+00
2.058239459991455078e+00
1.372315883636474609e+00
2.311516284942626953e+00
1.192897081375122070e+00
1.531940460205078125e+00
1.380699515342712402e+00
2.350948095321655273e+00
1.004722237586975098e+00
1.596383333206176758e+00
1.427062988281250000e+00
2.041325092315673828e+00
9.628636837005615234e-01
2.350787401199340820e+00
1.620320916175842285e+00
2.323155879974365234e+00
2.723310470581054688e+00
1.050465583801269531e+00
3.158444166183471680e+00
-5.397036075592041016e-01
9.813709259033203125e-01
1.009450197219848633e+00
1.595886111259460449e+00
1.435648918151855469e+00
1.553104162216186523e+00
1.023356556892395020e+00
1.034036040306091309e+00
1.737455844879150391e+00
1.429770827293395996e+00
1.957508325576782227e+00
1.773406744003295898e+00
2.423937082290649414e+00
2.421694278717041016e+00
2.145264863967895508e+00
2.651560783386230469e+00
1.025827288627624512e+00
2.269488096237182617e+00
2.587221145629882812e+00
1.612051725387573242e+00
2.640108108520507812e+00
1.546497702598571777e+00
2.213972568511962891e+00
1.783821582794189453e+00
1.468655347824096680e+00
3.155561685562133789e+00
2.650832653045654297e+00
1.736347913742065430e+00
1.061277031898498535e+00
1.397676110267639160e+00
1.295431852340698242e+00
2.521310329437255859e+00
1.679597139358520508e+00
1.304849624633789062e+00
2.171548604965209961e+00
1.085726261138916016e+00
1.508973121643066406e+00
2.097457885742187500e+00
1.497475385665893555e+00
2.758368253707885742e+00
2.125546693801879883e+00
2.125546693801879883e+00
2.401060342788696289e+00
2.469539165496826172e+00
1.492264509201049805e+00
1.563078761100769043e+00
1.466361880302429199e+00
2.238323211669921875e+00
2.277148485183715820e+00
1.085716724395751953e+00
3.010000228881835938e+00
1.078048944473266602e+00
6.789739131927490234e-01
2.294417858123779297e+00
1.646000504493713379e+00
3.006809234619140625e+00
2.418523311614990234e+00
1.433506011962890625e+00
2.677899122238159180e+00
1.426409006118774414e+00
2.551083803176879883e+00
2.165532350540161133e+00
1.438348650932312012e+00
1.611129522323608398e+00
2.976500034332275391e+00
1.604954838752746582e+00
1.077381730079650879e+00
2.096369743347167969e+00
2.127802133560180664e+00
2.127802133560180664e+00
2.127802133560180664e+00
1.076751708984375000e+00
1.609655499458312988e+00
2.114371061325073242e+00
1.442378401756286621e+00
1.259270429611206055e+00
2.112164974212646484e+00
1.102221012115478516e+00
1.102221012115478516e+00
1.083654046058654785e+00
2.818147182464599609e+00
2.172283887863159180e+00
1.389316320419311523e+00
2.165930986404418945e+00
2.198384046554565430e+00
2.029693126678466797e+00
1.621948957443237305e+00
2.395690202713012695e+00
2.077276229858398438e+00
1.637765407562255859e+00
2.120326995849609375e+00
2.448968648910522461e+00
1.563422918319702148e+00
2.480488300323486328e+00
2.930140495300292969e+00
2.097496986389160156e+00
1.128895401954650879e+00
1.891563653945922852e+00
1.114996790885925293e+00
2.538774013519287109e+00
2.472120761871337891e+00
2.666086435317993164e+00
1.592499971389770508e+00
1.493794679641723633e+00
2.499874591827392578e+00
2.539359807968139648e+00
2.549951553344726562e+00
1.888802766799926758e+00
1.671297550201416016e+00
2.356734275817871094e+00
1.578081846237182617e+00
1.896026134490966797e+00
2.379338264465332031e+00
2.750328063964843750e+00
1.702476024627685547e+00
6.332107186317443848e-01
1.961308121681213379e+00
1.904264211654663086e+00
1.099917054176330566e+00
1.114118933677673340e+00
2.057860851287841797e+00
1.104596018791198730e+00
2.863440275192260742e+00
1.108729958534240723e+00
1.110457181930541992e+00
1.111344695091247559e+00
1.133822560310363770e+00
1.701678752899169922e+00
2.415422201156616211e+00
1.212980031967163086e+00
2.469227075576782227e+00
1.962242364883422852e+00
1.099783420562744141e+00
1.492317080497741699e+00
2.578338146209716797e+00
1.113751173019409180e+00
1.109707832336425781e+00
1.664652824401855469e+00
2.462942600250244141e+00
2.434592723846435547e+00
3.004995346069335938e+00
1.237115263938903809e+00
1.261907815933227539e+00
1.134647727012634277e+00
2.619149446487426758e+00
1.966057062149047852e+00
2.441259860992431641e+00
1.740067839622497559e+00
1.902896881103515625e+00
1.536106348037719727e+00
1.522294402122497559e+00
1.522294402122497559e+00
2.073312520980834961e+00
2.496911048889160156e+00
3.046643733978271484e+00
1.702564477920532227e+00
1.702564477920532227e+00
1.702564477920532227e+00
1.145350098609924316e+00
1.503894329071044922e+00
3.050832748413085938e+00
1.162652850151062012e+00
2.525859832763671875e+00
2.524893999099731445e+00
2.524893999099731445e+00
3.227810621261596680e+00
1.949905157089233398e+00
1.976768732070922852e+00
2.123778581619262695e+00
1.609258413314819336e+00
2.458451747894287109e+00
2.337260246276855469e+00
2.158721923828125000e+00
2.437853336334228516e+00
1.590896964073181152e+00
2.115160703659057617e+00
2.789206266403198242e+00
2.739660263061523438e+00
1.718629002571105957e+00
2.946770191192626953e-01
2.468494415283203125e+00
1.633994340896606445e+00
1.348818540573120117e+00
2.671929836273193359e+00
2.039418220520019531e+00
1.681917428970336914e+00
2.452908039093017578e+00
1.391612768173217773e+00
2.447468757629394531e+00
2.007002592086791992e+00
1.557794094085693359e+00
2.144659996032714844e+00
3.126516103744506836e+00
9.224427938461303711e-01
1.852949142456054688e+00
7.598558664321899414e-01
1.358783364295959473e+00
2.604467391967773438e+00
1.292284250259399414e+00
1.368889451026916504e+00
1.268972396850585938e+00
1.409909486770629883e+00
2.473775386810302734e+00
2.263005733489990234e+00
1.325045228004455566e+00
1.718525171279907227e+00
2.115549087524414062e+00
1.341634869575500488e+00
2.534194231033325195e+00
1.959899067878723145e+00
2.662743806838989258e+00
1.751911640167236328e+00
2.606597900390625000e+00
2.460297107696533203e+00
3.157435178756713867e+00
3.304116010665893555e+00
3.248077869415283203e+00
2.412045478820800781e+00
1.566595077514648438e+00
2.693051815032958984e+00
2.473251342773437500e+00
2.603600263595581055e+00
3.137305259704589844e+00
2.019873142242431641e+00
2.670376062393188477e+00
2.022312641143798828e+00
3.056867599487304688e+00
2.324034214019775391e+00
2.080669879913330078e+00
2.991724967956542969e+00
1.659104824066162109e+00
2.709148883819580078e+00
2.765312194824218750e+00
2.765312194824218750e+00
1.410294413566589355e+00
1.360406994819641113e+00
2.841996669769287109e+00
2.757228851318359375e+00
2.230844020843505859e+00
2.967778205871582031e+00
2.242806196212768555e+00
1.711593747138977051e+00
3.123524665832519531e+00
3.098780870437622070e+00
2.283532857894897461e+00
2.516205549240112305e+00
1.779163837432861328e+00
2.497764587402343750e+00
1.380538463592529297e+00
1.377973556518554688e+00
1.617499351501464844e+00
3.120891571044921875e+00
2.273637294769287109e+00
2.763771057128906250e+00
3.334746837615966797e+00
2.495979785919189453e+00
1.365028500556945801e+00
2.156718969345092773e+00
1.336850881576538086e+00
2.640041351318359375e+00
2.421114444732666016e+00
2.017993927001953125e+00
1.386530995368957520e+00
3.009841918945312500e+00
1.686838150024414062e+00
3.137186050415039062e+00
1.408186435699462891e+00
2.105526924133300781e+00
1.287395358085632324e+00
2.321017265319824219e+00
1.337868332862854004e+00
2.334692478179931641e+00
2.608667373657226562e+00
1.688526868820190430e+00
2.451735496520996094e+00
1.988594293594360352e+00
4.951336860656738281e+00
2.634563684463500977e+00
1.333091974258422852e+00
1.852099299430847168e+00
2.162118673324584961e+00
2.327061414718627930e+00
2.058291912078857422e+00
1.411865711212158203e+00
1.983154416084289551e+00
2.286275863647460938e+00
2.639623880386352539e+00
2.578359603881835938e+00
1.387162566184997559e+00
2.517488002777099609e+00
2.446981906890869141e+00
2.114008188247680664e+00
1.809297084808349609e+00
2.999197483062744141e+00
1.780038356781005859e+00
2.469130992889404297e+00
2.454760313034057617e+00
2.767359733581542969e+00
2.880955219268798828e+00
1.802446126937866211e+00
2.744814872741699219e+00
2.320140123367309570e+00
1.479362487792968750e+00
2.353338241577148438e+00
2.503291368484497070e+00
1.570786476135253906e+00
2.121706247329711914e+00
2.343655586242675781e+00
2.122691154479980469e+00
2.085001230239868164e+00
1.481081485748291016e+00
2.111665964126586914e+00
2.745509624481201172e+00
2.726851940155029297e+00
3.643134593963623047e+00
2.866409540176391602e+00
2.213933467864990234e+00
1.457123637199401855e+00
1.818255901336669922e+00
1.334896922111511230e+00
2.432340860366821289e+00
2.648804426193237305e+00
3.020441055297851562e+00
1.742112398147583008e+00
1.872120141983032227e+00
1.776186227798461914e+00
3.039819002151489258e+00
3.246168613433837891e+00
1.444085478782653809e+00
1.662578582763671875e+00
2.594954490661621094e+00
1.981792807579040527e+00
2.689127206802368164e+00
3.636369228363037109e+00
1.706237673759460449e+00
2.287653923034667969e+00
2.293109893798828125e+00
1.505862474441528320e+00
2.809998035430908203e+00
2.494898796081542969e+00
2.378058671951293945e+00
2.716998577117919922e+00
2.551142930984497070e+00
1.662734985351562500e+00
2.097942590713500977e+00
2.727246284484863281e+00
2.727246284484863281e+00
3.532003402709960938e+00
2.381132125854492188e+00
2.314249277114868164e+00
1.764051437377929688e+00
1.732935667037963867e+00
1.542256474494934082e+00
2.279733419418334961e+00
2.319880008697509766e+00
1.931289076805114746e+00
1.799307346343994141e+00
2.862882137298583984e+00
2.274749279022216797e+00
1.524823784828186035e+00
2.486467838287353516e+00
1.821767210960388184e+00
2.665135860443115234e+00
2.371925115585327148e+00
3.114410400390625000e+00
1.694265365600585938e+00
3.532297611236572266e+00
2.293591976165771484e+00
1.966197609901428223e+00
1.665948987007141113e+00
2.370571374893188477e+00
3.099921226501464844e+00
2.688953161239624023e+00
2.552453756332397461e+00
3.082707405090332031e+00
1.452893853187561035e+00
1.894813418388366699e+00
3.756651639938354492e+00
2.158361911773681641e+00
1.986347913742065430e+00
2.766095638275146484e+00
1.495806336402893066e+00
2.460593700408935547e+00
2.638960838317871094e+00
2.059234142303466797e+00
2.015685081481933594e+00
4.501277923583984375e+00
2.960985183715820312e+00
2.008843898773193359e+00
1.679040908813476562e+00
1.354035139083862305e+00
2.647603988647460938e+00
2.369537591934204102e+00
2.426828384399414062e+00
2.099143028259277344e+00
2.090118169784545898e+00
2.622930049896240234e+00
2.457694053649902344e+00
2.376154422760009766e+00
2.376154422760009766e+00
3.139325618743896484e+00
2.641720771789550781e+00
2.544568538665771484e+00
3.066305637359619141e+00
1.415096402168273926e+00
1.733496069908142090e+00
2.389748573303222656e+00
2.542181015014648438e+00
2.557247161865234375e+00
1.382009387016296387e+00
2.392040014266967773e+00
3.544231653213500977e+00
3.544231653213500977e+00
2.452218532562255859e+00
2.452218532562255859e+00
2.654263019561767578e+00
1.427441358566284180e+00
2.846013784408569336e+00
2.398283720016479492e+00
1.959071636199951172e+00
1.700244903564453125e+00
1.399346709251403809e+00
2.789325714111328125e+00
2.771842479705810547e+00
2.868014335632324219e+00
2.459208726882934570e+00
2.565523147583007812e+00
2.430644989013671875e+00
3.090655803680419922e+00
1.915899276733398438e+00
2.838853359222412109e+00
2.495463371276855469e+00
1.716306328773498535e+00
1.663440704345703125e+00
2.450145244598388672e+00
2.789435863494873047e+00
1.850288629531860352e+00
2.996769189834594727e+00
2.897230148315429688e+00
2.265658617019653320e+00
1.462588071823120117e+00
2.896312475204467773e+00
2.106113195419311523e+00
1.830379366874694824e+00
2.303117990493774414e+00
1.402181267738342285e+00
1.831455826759338379e+00
2.695041418075561523e+00
9.058068990707397461e-01
4.958646774291992188e+00
3.128283977508544922e+00
3.037365436553955078e+00
2.540296554565429688e+00
2.349577188491821289e+00
2.468482255935668945e+00
1.764461994171142578e+00
3.162121772766113281e+00
3.072938919067382812e+00
1.767919182777404785e+00
2.390107393264770508e+00
2.800842046737670898e+00
2.185304403305053711e+00
1.909914612770080566e+00
3.610499143600463867e+00
2.417519569396972656e+00
2.186877727508544922e+00
3.704083204269409180e+00
1.468476414680480957e+00
3.477459669113159180e+00
3.231119632720947266e+00
2.716839075088500977e+00
1.985725045204162598e+00
3.185876846313476562e+00
1.679790377616882324e+00
2.852966308593750000e+00
2.389411449432373047e+00
2.510399103164672852e+00
2.943000316619873047e+00
2.060637712478637695e+00
1.871505498886108398e+00
1.690612792968750000e+00
2.129222154617309570e+00
2.431733131408691406e+00
2.470125675201416016e+00
3.056358575820922852e+00
3.007207393646240234e+00
2.645054817199707031e+00
1.492797374725341797e+00
1.867915272712707520e+00
1.518824934959411621e+00
1.551157474517822266e+00
2.645314216613769531e+00
2.766643524169921875e+00
1.805197596549987793e+00
2.788029193878173828e+00
2.523705005645751953e+00
3.898309469223022461e+00
2.645436286926269531e+00
1.739060640335083008e+00
2.995162487030029297e+00
1.858674287796020508e+00
3.487698554992675781e+00
2.985816955566406250e+00
2.887076616287231445e+00
2.379535198211669922e+00
3.168872833251953125e+00
2.850703954696655273e+00
3.056735992431640625e+00
2.761983633041381836e+00
3.037108898162841797e+00
1.989340066909790039e+00
1.566873550415039062e+00
1.839108943939208984e+00
1.854317665100097656e+00
2.475812911987304688e+00
2.534178733825683594e+00
1.946781516075134277e+00
1.782536864280700684e+00
2.428800106048583984e+00
2.504948616027832031e+00
2.648997545242309570e+00
3.115022420883178711e+00
3.150961399078369141e+00
3.609358549118041992e+00
2.534802913665771484e+00
2.569511651992797852e+00
1.111528635025024414e+00
2.880213737487792969e+00
3.156789541244506836e+00
3.886362552642822266e+00
2.797930717468261719e+00
1.985459923744201660e+00
2.033503293991088867e+00
4.294533729553222656e+00
2.171718597412109375e+00
2.677257299423217773e+00
2.597701311111450195e+00
3.132400274276733398e+00
2.404830455780029297e+00
1.870242834091186523e+00
2.736754417419433594e+00
1.879831910133361816e+00
1.913199424743652344e+00
1.845764994621276855e+00
3.441813468933105469e+00
2.276312828063964844e+00
3.438790321350097656e+00
3.666930198669433594e+00
2.923920392990112305e+00
2.177511453628540039e+00
2.316516876220703125e+00
2.071431159973144531e+00
2.286351919174194336e+00
1.997602939605712891e+00
1.592464566230773926e+00
1.606823921203613281e+00
1.947605252265930176e+00
1.960820555686950684e+00
2.112054824829101562e+00
2.804099559783935547e+00
2.445799589157104492e+00
2.040590763092041016e+00
4.306927680969238281e+00
1.850948333740234375e+00
1.637789607048034668e+00
3.190573215484619141e+00
3.073577404022216797e+00
3.394508838653564453e+00
3.380058288574218750e+00
3.186181068420410156e+00
2.193660259246826172e+00
1.781593561172485352e+00
3.200064182281494141e+00
2.956511974334716797e+00
2.248873472213745117e+00
2.040811061859130859e+00
1.968168258666992188e+00
3.290758132934570312e+00
3.310598850250244141e+00
1.685859441757202148e+00
2.820410251617431641e+00
2.071919202804565430e+00
2.921073198318481445e+00
2.729695320129394531e+00
2.409477472305297852e+00
2.165678024291992188e+00
2.018800973892211914e+00
2.869689941406250000e+00
2.809595584869384766e+00
3.289772033691406250e+00
3.355433940887451172e+00
1.969854593276977539e+00
2.195261716842651367e+00
2.901279687881469727e+00
3.217062473297119141e+00
2.088848829269409180e+00
1.812255263328552246e+00
2.007163763046264648e+00
3.310105562210083008e+00
3.227605581283569336e+00
2.650084495544433594e+00
2.328851222991943359e+00
1.891995310783386230e+00
2.249777317047119141e+00
3.137945652008056641e+00
3.177662372589111328e+00
2.460971355438232422e+00
2.072761058807373047e+00
2.616715431213378906e+00
2.177819252014160156e+00
3.746469497680664062e+00
6.304603815078735352e-01
2.047231197357177734e+00
2.095888137817382812e+00
1.689713478088378906e+00
3.485685110092163086e+00
2.117756128311157227e+00
3.215799808502197266e+00
1.600747108459472656e+00
2.731673240661621094e+00
3.697947263717651367e+00
3.412631511688232422e+00
2.381530761718750000e+00
2.337823390960693359e+00
1.798236489295959473e+00
2.680930137634277344e+00
3.435449123382568359e+00
2.928926229476928711e+00
3.420868873596191406e+00
2.137309789657592773e+00
2.873041629791259766e+00
2.584807395935058594e+00
2.134964942932128906e+00
3.427104949951171875e+00
2.034417390823364258e+00
1.846243500709533691e+00
2.076809644699096680e+00
2.563818454742431641e+00
3.150027275085449219e+00
2.338669776916503906e+00
2.108649730682373047e+00
2.439413547515869141e+00
3.058049440383911133e+00
2.187416791915893555e+00
2.435244083404541016e+00
2.620682239532470703e+00
2.657926082611083984e+00
3.049717903137207031e+00
1.779966711997985840e+00
2.357633590698242188e+00
2.109710693359375000e+00
2.198834657669067383e+00
3.014262676239013672e+00
2.353354454040527344e+00
3.272043704986572266e+00
2.901730060577392578e+00
2.048382520675659180e+00
3.424059629440307617e+00
2.108367443084716797e+00
3.756798982620239258e+00
2.343410730361938477e+00
2.959548950195312500e+00
2.571583986282348633e+00
3.148897647857666016e+00
2.233837604522705078e+00
2.118170261383056641e+00
1.982052803039550781e+00
8.894750475883483887e-01
2.089624404907226562e+00
1.693430781364440918e+00
2.443706989288330078e+00
3.774946212768554688e+00
2.427828311920166016e+00
2.818655252456665039e+00
2.108934164047241211e+00
3.375336170196533203e+00
2.733268976211547852e+00
2.343071222305297852e+00
2.499778747558593750e+00
2.059750556945800781e+00
2.609306573867797852e+00
2.226482868194580078e+00
4.468565940856933594e+00
2.604255437850952148e+00
1.657895565032958984e+00
2.707125663757324219e+00
2.165704727172851562e+00
2.430184364318847656e+00
3.841729640960693359e+00
2.350627183914184570e+00
2.253351926803588867e+00
3.842820405960083008e+00
2.405895709991455078e+00
1.694821476936340332e+00
4.111387252807617188e+00
2.119456768035888672e+00
2.955684185028076172e+00
2.452495813369750977e+00
2.152194023132324219e+00
2.170275688171386719e+00
3.751553058624267578e+00
2.539387226104736328e+00
2.164971113204956055e+00
4.174332141876220703e+00
2.986676216125488281e+00
2.288567066192626953e+00
2.635835409164428711e+00
2.868576765060424805e+00
2.692548751831054688e+00
3.812588453292846680e+00
2.373427867889404297e+00
2.519927024841308594e+00
3.198516845703125000e+00
2.140106201171875000e+00
2.420001029968261719e+00
2.283474922180175781e+00
2.872913837432861328e+00
2.457685232162475586e+00
2.775643825531005859e+00
2.273418903350830078e+00
2.578752994537353516e+00
3.874357223510742188e+00
3.155184268951416016e+00
2.189645290374755859e+00
1.973188400268554688e+00
2.450258731842041016e+00
2.881100177764892578e+00
3.979518890380859375e+00
2.853064537048339844e+00
6.092485904693603516e+00
3.882856130599975586e+00
2.395026683807373047e+00
2.147130727767944336e+00
3.271123409271240234e+00
2.444412469863891602e+00
3.282023429870605469e+00
2.427479267120361328e+00
3.761974811553955078e+00
2.568011999130249023e+00
2.301522254943847656e+00
2.195620536804199219e+00
2.130402326583862305e+00
2.466028213500976562e+00
2.331247091293334961e+00
8.180515766143798828e-01
2.214026212692260742e+00
2.362663745880126953e+00
2.468846797943115234e+00
2.748437881469726562e+00
3.801010370254516602e+00
3.496631145477294922e+00
2.466914176940917969e+00
2.187465906143188477e+00
2.902842521667480469e+00
3.223618745803833008e+00
2.315855503082275391e+00
2.148915290832519531e+00
2.243402957916259766e+00
3.236371040344238281e+00
2.518179655075073242e+00
3.063079833984375000e+00
3.438675880432128906e+00
3.526468038558959961e+00
2.365249395370483398e+00
2.330159902572631836e+00
3.404660701751708984e+00
2.205047369003295898e+00
1.765252351760864258e+00
2.530685424804687500e+00
2.885985612869262695e+00
3.907593250274658203e+00
2.715332031250000000e+00
3.430910587310791016e+00
3.265597343444824219e+00
3.081105232238769531e+00
3.444517135620117188e+00
2.557253837585449219e+00
3.436605691909790039e+00
2.231890201568603516e+00
2.424668073654174805e+00
2.134213209152221680e+00
3.318768739700317383e+00
2.559892892837524414e+00
3.071735858917236328e+00
3.071735858917236328e+00
4.738840579986572266e+00
4.312419414520263672e+00
2.178371191024780273e+00
3.888698101043701172e+00
2.517167091369628906e+00
2.266031265258789062e+00
2.590822219848632812e+00
3.118390560150146484e+00
2.565102338790893555e+00
3.414918184280395508e+00
2.943899393081665039e+00
3.271321296691894531e+00
2.888244628906250000e+00
2.190279483795166016e+00
2.410841464996337891e+00
2.739915370941162109e+00
2.162745237350463867e+00
2.645688772201538086e+00
2.977361440658569336e+00
2.210102319717407227e+00
2.273362874984741211e+00
3.754199028015136719e+00
2.329817533493041992e+00
1.940153121948242188e+00
3.031613826751708984e+00
3.013586044311523438e+00
3.354447603225708008e+00
2.425610780715942383e+00
3.115511655807495117e+00
2.213873147964477539e+00
2.528521776199340820e+00
3.387940645217895508e+00
2.714728116989135742e+00
2.837656021118164062e+00
2.281217575073242188e+00
2.251973628997802734e+00
2.814896583557128906e+00
2.323744297027587891e+00
2.643890857696533203e+00
2.408056974411010742e+00
2.729218482971191406e+00
3.573607444763183594e+00
3.862895965576171875e+00
2.200938224792480469e+00
2.245460271835327148e+00
2.406503200531005859e+00
3.085220575332641602e+00
3.409139633178710938e+00
1.986261129379272461e+00
2.278459072113037109e+00
2.490006208419799805e+00
2.981399774551391602e+00
3.980296611785888672e+00
3.058874607086181641e+00
2.981129646301269531e+00
4.530236721038818359e+00
2.251493215560913086e+00
3.163960456848144531e+00
2.513675451278686523e+00
2.513447761535644531e+00
2.625939607620239258e+00
2.494699001312255859e+00
2.668573141098022461e+00
2.668911457061767578e+00
2.338569164276123047e+00
3.664718151092529297e+00
3.257405519485473633e+00
2.448930978775024414e+00
2.470876932144165039e+00
3.588404178619384766e+00
2.485522508621215820e+00
2.411356449127197266e+00
3.249799013137817383e+00
3.039451837539672852e+00
2.665216445922851562e+00
2.075223922729492188e+00
2.452258586883544922e+00
2.544034004211425781e+00
3.931355476379394531e+00
2.488444089889526367e+00
3.025612115859985352e+00
2.406291007995605469e+00
2.316875934600830078e+00
3.092480182647705078e+00
4.939466714859008789e-01
4.019548416137695312e+00
2.253914117813110352e+00
2.810159921646118164e+00
3.741326332092285156e+00
3.926925659179687500e+00
3.329782962799072266e+00
2.981025934219360352e+00
2.720523834228515625e+00
2.585270404815673828e+00
4.131996631622314453e+00
2.353609561920166016e+00
2.422239303588867188e+00
2.650967836380004883e+00
2.328273296356201172e+00
3.823068141937255859e+00
2.332224845886230469e+00
2.981573104858398438e+00
2.520311355590820312e+00
2.988272666931152344e+00
2.637833118438720703e+00
3.069852113723754883e+00
3.342831850051879883e+00
4.036014080047607422e+00
3.718400955200195312e+00
2.827344417572021484e+00
3.170268535614013672e+00
2.518307447433471680e+00
2.671383380889892578e+00
3.439595937728881836e+00
3.301078796386718750e+00
2.368931055068969727e+00
5.200729370117187500e+00
2.718511819839477539e+00
3.471873521804809570e+00
2.607860565185546875e+00
2.783282041549682617e+00
2.652392148971557617e+00
3.383938550949096680e+00
2.467956542968750000e+00
2.308990001678466797e+00
3.009929180145263672e+00
2.561629295349121094e+00
2.557296276092529297e+00
2.661100387573242188e+00
2.557192564010620117e+00
2.397563934326171875e+00
2.661637783050537109e+00
2.232669591903686523e+00
3.728337526321411133e+00
3.054990291595458984e+00
2.901201248168945312e+00
3.934804439544677734e+00
2.759315490722656250e+00
2.730538368225097656e+00
3.977073192596435547e+00
2.796974182128906250e+00
2.387474775314331055e+00
3.711819171905517578e+00
2.769951581954956055e+00
2.837265014648437500e+00
2.499651908874511719e+00
2.788440704345703125e+00
2.655318260192871094e+00
3.296533823013305664e+00
2.743312358856201172e+00
2.602697849273681641e+00
2.844128608703613281e+00
2.984533071517944336e+00
4.323534488677978516e+00
2.642437458038330078e+00
2.607202768325805664e+00
2.695963621139526367e+00
3.421734809875488281e+00
2.587841033935546875e+00
2.470974683761596680e+00
3.108865737915039062e+00
3.128309249877929688e+00
3.380446672439575195e+00
2.315545082092285156e+00
2.670523643493652344e+00
2.475563526153564453e+00
2.451001405715942383e+00
2.767087697982788086e+00
2.681930780410766602e+00
2.759952306747436523e+00
2.895210981369018555e+00
3.134008169174194336e+00
2.797288656234741211e+00
3.157878398895263672e+00
2.531649589538574219e+00
2.797085762023925781e+00
2.640996456146240234e+00
2.680239677429199219e+00
2.705197334289550781e+00
2.768658399581909180e+00
2.393872737884521484e+00
2.621560573577880859e+00
5.344839096069335938e+00
4.140357494354248047e+00
2.630652904510498047e+00
2.790728330612182617e+00
2.832708358764648438e+00
2.631463527679443359e+00
3.648669481277465820e+00
2.643933773040771484e+00
2.790038108825683594e+00
2.425129652023315430e+00
3.190805673599243164e+00
2.676584482192993164e+00
2.678580522537231445e+00
2.888888835906982422e+00
4.177073478698730469e+00
4.643736839294433594e+00
4.273239612579345703e+00
3.409397125244140625e+00
2.697914361953735352e+00
2.773022174835205078e+00
2.998906612396240234e+00
3.055100679397583008e+00
2.965758562088012695e+00
4.484921455383300781e+00
2.544641494750976562e+00
2.849341392517089844e+00
2.828983545303344727e+00
2.957428455352783203e+00
2.687868833541870117e+00
2.589296340942382812e+00
2.312626361846923828e+00
3.453702449798583984e+00
5.094756603240966797e+00
2.704598188400268555e+00
4.389325141906738281e+00
2.610994338989257812e+00
3.468098163604736328e+00
2.586739301681518555e+00
2.709723472595214844e+00
2.821696281433105469e+00
3.020427703857421875e+00
2.980020999908447266e+00
4.497025489807128906e+00
3.596956014633178711e+00
3.955159187316894531e+00
2.465441465377807617e+00
2.755141258239746094e+00
3.535054206848144531e+00
3.195791244506835938e+00
2.772944927215576172e+00
3.116752624511718750e+00
2.697090625762939453e+00
2.610187292098999023e+00
3.728290081024169922e+00
4.490201473236083984e+00
2.789159059524536133e+00
2.518954753875732422e+00
2.674033880233764648e+00
2.860521793365478516e+00
2.443713188171386719e+00
3.214446067810058594e+00
2.514001131057739258e+00
4.236583709716796875e+00
2.734217882156372070e+00
2.488177776336669922e+00
3.125530719757080078e+00
2.690910577774047852e+00
2.866301536560058594e+00
2.432384729385375977e+00
2.844335556030273438e+00
3.590829849243164062e+00
3.093708038330078125e+00
4.304294109344482422e+00
2.675130844116210938e+00
2.709095716476440430e+00
2.573621511459350586e+00
2.664329051971435547e+00
2.607273101806640625e+00
2.648811340332031250e+00
2.758259057998657227e+00
2.827043056488037109e+00
2.571947336196899414e+00
4.334618568420410156e+00
2.407743215560913086e+00
3.013175010681152344e+00
2.820649147033691406e+00
2.866758346557617188e+00
2.865643262863159180e+00
3.464452266693115234e+00
2.908525228500366211e+00
2.758062362670898438e+00
3.415307998657226562e+00
2.845275402069091797e+00
4.424481868743896484e+00
2.523966073989868164e+00
2.850159883499145508e+00
3.267170429229736328e+00
3.763324737548828125e+00
2.749751091003417969e+00
2.692663669586181641e+00
2.773578405380249023e+00
2.497650623321533203e+00
2.748456001281738281e+00
2.907383918762207031e+00
3.025278568267822266e+00
2.895301818847656250e+00
2.600535631179809570e+00
3.159002065658569336e+00
3.823345661163330078e+00
2.930276632308959961e+00
2.460786819458007812e+00
3.406747817993164062e+00
3.748554706573486328e+00
2.512658357620239258e+00
3.517600774765014648e+00
4.017293930053710938e+00
3.399817228317260742e+00
3.684190750122070312e+00
2.924881458282470703e+00
2.262990236282348633e+00
4.664750576019287109e+00
2.579867839813232422e+00
2.626113653182983398e+00
3.243250846862792969e+00
2.692805528640747070e+00
3.067948102951049805e+00
3.408974885940551758e+00
2.882122278213500977e+00
2.838091135025024414e+00
2.896011590957641602e+00
3.971017837524414062e+00
2.686027288436889648e+00
2.986160516738891602e+00
4.967951774597167969e+00
3.524254798889160156e+00
3.530012130737304688e+00
2.410797119140625000e+00
3.254811286926269531e+00
4.217806816101074219e+00
2.761775970458984375e+00
2.841997623443603516e+00
2.918248176574707031e+00
3.280500888824462891e+00
2.897097587585449219e+00
3.311529874801635742e+00
3.252636671066284180e+00
3.311482191085815430e+00
2.601513147354125977e+00
2.999423980712890625e+00
4.581284999847412109e+00
3.193623304367065430e+00
3.061141490936279297e+00
3.061141490936279297e+00
2.903973340988159180e+00
3.268224716186523438e+00
2.870137214660644531e+00
3.744748830795288086e+00
3.950140237808227539e+00
2.887398958206176758e+00
3.062237739562988281e+00
2.875774860382080078e+00
2.721068859100341797e+00
2.966377973556518555e+00
2.831526279449462891e+00
3.177531719207763672e+00
2.828384637832641602e+00
2.940241813659667969e+00
3.173376083374023438e+00
2.912634849548339844e+00
3.145415306091308594e+00
2.719779729843139648e+00
4.541566848754882812e+00
3.370043754577636719e+00
3.386465549468994141e+00
3.310728788375854492e+00
4.808586120605468750e+00
2.717597723007202148e+00
3.244933128356933594e+00
3.009191036224365234e+00
3.196624040603637695e+00
3.297999143600463867e+00
2.870881557464599609e+00
3.955408573150634766e+00
2.845534086227416992e+00
2.409472465515136719e+00
5.027542114257812500e+00
2.689964294433593750e+00
2.801117181777954102e+00
3.733196735382080078e+00
2.876495599746704102e+00
3.187591791152954102e+00
5.196358203887939453e+00
3.361588239669799805e+00
3.716964244842529297e+00
2.914963722229003906e+00
2.904715538024902344e+00
2.918595314025878906e+00
4.081418037414550781e+00
2.760756015777587891e+00
3.886626243591308594e+00
3.581861972808837891e+00
3.292910814285278320e+00
4.987726688385009766e+00
2.541108846664428711e+00
3.791747093200683594e+00
4.920504093170166016e+00
2.692996263504028320e+00
6.046716690063476562e+00
5.065756320953369141e+00
4.728758335113525391e+00
3.062257289886474609e+00
2.990954160690307617e+00
3.503794193267822266e+00
5.020158767700195312e+00
5.020158767700195312e+00
5.020158767700195312e+00
3.276400804519653320e+00
4.656719684600830078e+00
3.165244102478027344e+00
2.949778795242309570e+00
3.063769102096557617e+00
3.401772499084472656e+00
4.401156425476074219e+00
2.819674015045166016e+00
2.819674015045166016e+00
3.247946739196777344e+00
4.430842399597167969e+00
2.860440731048583984e+00
2.621615886688232422e+00
3.608538150787353516e+00
3.332863330841064453e+00
3.796912670135498047e+00
2.944156646728515625e+00
4.059368133544921875e+00
3.033581495285034180e+00
2.635863780975341797e+00
3.184167385101318359e+00
2.929997682571411133e+00
4.029525279998779297e+00
3.030673027038574219e+00
