-4.660454392433166504e-01
3.986045122146606445e-01
3.659884929656982422e-01
3.708436489105224609e-01
-9.318644553422927856e-02
1.745574362576007843e-02
-4.619933366775512695e-01
5.004448890686035156e-01
3.418804407119750977e-01
4.439028203487396240e-01
3.183507323265075684e-01
1.163909360766410828e-01
-1.204855293035507202e-01
1.104970350861549377e-01
-4.141474664211273193e-01
-1.487744152545928955e-01
4.958518147468566895e-01
4.613908529281616211e-01
2.848300337791442871e-01
-3.181940019130706787e-01
-3.002690374851226807e-01
-2.281086295843124390e-01
-1.160319298505783081e-01
-6.740419566631317139e-02
4.699936211109161377e-01
-7.228832691907882690e-03
2.132950723171234131e-02
-1.459694951772689819e-01
5.324749946594238281e-01
-3.997105956077575684e-01
-2.171634584665298462e-01
3.346505761146545410e-01
4.715508818626403809e-01
4.703661426901817322e-02
3.594668209552764893e-02
1.129356026649475098e-01
2.339801192283630371e-01
4.840213060379028320e-01
4.523016139864921570e-02
2.595561742782592773e-01
3.382606506347656250e-01
2.288067638874053955e-01
3.971033096313476562e-01
-2.973711490631103516e-01
-4.337109625339508057e-03
4.202073067426681519e-02
1.182587370276451111e-01
3.439287543296813965e-01
-2.018725574016571045e-01
2.405457198619842529e-01
4.953514337539672852e-01
-2.854196131229400635e-01
6.572384834289550781e-01
6.512174606323242188e-01
-5.464676767587661743e-03
5.744017958641052246e-01
6.336520314216613770e-01
2.855198383331298828e-01
-1.273758560419082642e-01
-1.717415302991867065e-01
2.275456786155700684e-01
-1.426617205142974854e-01
3.713653087615966797e-01
4.103647470474243164e-01
-2.905730158090591431e-02
1.725910007953643799e-01
1.828886568546295166e-02
-2.112334370613098145e-01
4.844024777412414551e-01
4.575013518333435059e-01
2.883688807487487793e-01
-7.195670604705810547e-01
1.223495081067085266e-01
-3.082451522350311279e-01
-9.592276066541671753e-02
-2.449644505977630615e-01
4.182499647140502930e-01
-3.592599928379058838e-01
-1.319929212331771851e-01
2.854589819908142090e-01
6.132844090461730957e-01
-3.792871832847595215e-01
3.608512282371520996e-01
4.725707769393920898e-01
5.194158554077148438e-01
2.740799784660339355e-01
5.492365956306457520e-01
5.311474800109863281e-01
-3.973366320133209229e-01
9.866163134574890137e-02
3.872973918914794922e-01
-3.831791877746582031e-01
3.966595828533172607e-01
2.312264740467071533e-01
-4.259246289730072021e-01
3.187647759914398193e-01
-1.997152566909790039e-01
4.409629702568054199e-01
-1.836383044719696045e-01
3.133704364299774170e-01
4.315289258956909180e-01
4.244438409805297852e-01
-9.631893038749694824e-02
2.557924389839172363e-02
-1.918431371450424194e-02
-2.611503899097442627e-01
4.438053816556930542e-02
6.974346935749053955e-02
-1.088871359825134277e-01
8.056853711605072021e-02
7.095181196928024292e-02
8.015014231204986572e-02
-1.699186414480209351e-01
-1.195715889334678650e-01
8.463025093078613281e-02
-3.372093439102172852e-01
-3.001510202884674072e-01
-2.027858346700668335e-01
-1.714459657669067383e-01
-1.464280337095260620e-01
5.161465406417846680e-01
-2.494715750217437744e-01
5.324461460113525391e-01
-2.664506435394287109e-01
4.246695041656494141e-01
-7.920603454113006592e-02
1.385808289051055908e-01
6.530327796936035156e-01
6.075100600719451904e-02
2.066190540790557861e-01
-3.001238405704498291e-02
2.977081835269927979e-01
-4.858289659023284912e-01
4.478454589843750000e-02
2.410797774791717529e-01
-4.078633487224578857e-01
-4.430729150772094727e-02
-7.036575675010681152e-02
9.042755514383316040e-02
7.156498730182647705e-02
-2.919496297836303711e-01
7.287159562110900879e-01
7.834012806415557861e-02
4.985816031694412231e-02
-8.876363039016723633e-01
-2.500419616699218750e-01
3.589969873428344727e-01
-7.341735064983367920e-02
-2.195018827915191650e-01
-2.123272120952606201e-01
6.861837208271026611e-02
1.277306675910949707e-02
5.023580789566040039e-01
-2.158284187316894531e-04
1.785026192665100098e-01
-1.958888471126556396e-01
4.488018453121185303e-01
-4.269042015075683594e-01
5.849682539701461792e-02
3.324961066246032715e-01
3.574386835098266602e-01
-7.832805812358856201e-02
-2.928020060062408447e-02
-2.160817980766296387e-01
1.463230848312377930e-01
3.820175230503082275e-01
-4.798735678195953369e-02
4.531145989894866943e-01
4.208307862281799316e-01
-4.238322377204895020e-02
1.273900270462036133e-01
4.810611605644226074e-01
-5.605691671371459961e-01
2.638324201107025146e-01
4.314974546432495117e-01
8.829727023839950562e-02
-2.812007665634155273e-01
8.003149926662445068e-02
5.202370882034301758e-01
-1.801128089427947998e-01
3.534452617168426514e-02
3.848674297332763672e-01
2.514873445034027100e-02
1.217094436287879944e-01
4.560331702232360840e-01
3.159239888191223145e-01
4.186293780803680420e-01
-1.777548789978027344e-01
-4.086764156818389893e-02
5.686854571104049683e-02
-4.805448651313781738e-02
5.383992791175842285e-01
4.442881345748901367e-01
7.950418442487716675e-02
2.706047892570495605e-01
3.356387019157409668e-01
2.050265222787857056e-01
4.487757086753845215e-01
5.363714098930358887e-01
-8.997729420661926270e-02
-1.027272492647171021e-01
1.002317741513252258e-01
7.397770881652832031e-02
6.020687222480773926e-01
-2.731223106384277344e-01
-5.493660271167755127e-02
1.280187517404556274e-01
4.605494141578674316e-01
4.109364449977874756e-01
9.461782127618789673e-02
-1.524388790130615234e-03
2.682165503501892090e-01
-2.351321876049041748e-01
-1.165229231119155884e-01
-6.381936073303222656e-01
-1.469618976116180420e-01
1.637228280305862427e-01
1.973268985748291016e-01
4.752750694751739502e-01
3.233379125595092773e-01
4.054415225982666016e-02
1.784784346818923950e-01
-8.924275636672973633e-03
-2.597879767417907715e-01
-7.786850929260253906e-01
3.958988785743713379e-01
4.821390509605407715e-01
8.528869599103927612e-02
3.991634249687194824e-01
1.370925903320312500e-01
1.870711296796798706e-01
2.035762220621109009e-01
4.574520885944366455e-01
-4.496280848979949951e-02
-2.125975042581558228e-01
4.366954565048217773e-01
-2.114800959825515747e-01
-1.912053078413009644e-01
1.846665143966674805e-02
1.587215960025787354e-01
3.075583279132843018e-02
3.219963908195495605e-01
4.483602941036224365e-02
4.719130992889404297e-01
1.616838276386260986e-01
5.205963253974914551e-01
2.511300742626190186e-01
-3.083474040031433105e-01
6.409496068954467773e-01
3.754968941211700439e-01
4.077365398406982422e-01
4.984389245510101318e-01
3.281237781047821045e-01
1.082037389278411865e-02
1.341453790664672852e-01
4.834674000740051270e-01
3.229484260082244873e-01
2.115812748670578003e-01
3.034670352935791016e-01
4.227794110774993896e-01
3.098575770854949951e-02
3.658621311187744141e-01
-4.941177368164062500e-02
2.877101898193359375e-01
-5.523145198822021484e-02
4.400619864463806152e-01
3.472024202346801758e-01
4.817110896110534668e-01
-4.173201322555541992e-02
2.355190068483352661e-01
5.651093125343322754e-01
2.550404667854309082e-01
4.434528946876525879e-01
-2.740674316883087158e-01
-1.482009440660476685e-01
8.685648441314697266e-03
-9.003440737724304199e-01
4.186198115348815918e-01
5.068275332450866699e-01
-2.009793817996978760e-01
4.665198028087615967e-01
3.481991589069366455e-02
1.830866932868957520e-02
-2.862945199012756348e-03
9.756839275360107422e-02
1.081169694662094116e-01
2.867251336574554443e-01
6.105285882949829102e-01
3.956997394561767578e-01
-6.534695625305175781e-03
2.402060925960540771e-01
-9.206436574459075928e-02
-6.195245683193206787e-02
-2.419532835483551025e-01
2.451725304126739502e-01
3.220273554325103760e-02
5.585706233978271484e-02
4.448263049125671387e-01
7.151256203651428223e-01
-7.679472863674163818e-02
1.749165058135986328e-01
2.978206872940063477e-01
6.086475849151611328e-01
2.935522794723510742e-01
-2.175214886665344238e-01
6.330879926681518555e-01
5.645575523376464844e-01
6.237381100654602051e-01
5.274771451950073242e-01
2.650713622570037842e-01
3.765913248062133789e-01
5.692439079284667969e-01
3.926012217998504639e-01
5.934513211250305176e-01
4.422065615653991699e-01
6.528112292289733887e-02
3.313777446746826172e-01
4.848273098468780518e-02
-4.040209650993347168e-01
1.121877878904342651e-01
3.513340055942535400e-01
6.882860064506530762e-01
6.636950373649597168e-01
4.451606869697570801e-01
4.466532468795776367e-01
6.211191415786743164e-03
5.458507537841796875e-01
8.464806079864501953e-01
8.569936156272888184e-01
4.453192949295043945e-01
-9.101548790931701660e-02
3.011947870254516602e-02
4.840317368507385254e-01
4.934397339820861816e-01
6.740391254425048828e-01
4.236521124839782715e-01
7.450044155120849609e-01
2.694044709205627441e-01
-8.534795045852661133e-02
-1.677832007408142090e-02
6.209433674812316895e-01
-2.438997924327850342e-01
6.673857569694519043e-01
7.415760159492492676e-01
3.201894760131835938e-01
-3.447259068489074707e-01
3.102993965148925781e-01
7.695006132125854492e-01
5.401501059532165527e-01
5.053686499595642090e-01
4.867076277732849121e-01
-6.817269325256347656e-02
5.044272541999816895e-01
3.923042714595794678e-01
5.269579589366912842e-02
4.946603775024414062e-01
5.924011468887329102e-01
-6.986320018768310547e-03
5.972275733947753906e-01
1.137987673282623291e-01
-1.105455458164215088e-01
5.199394226074218750e-01
5.199394226074218750e-01
-5.457848310470581055e-02
4.125402867794036865e-01
7.850602269172668457e-02
1.547678261995315552e-01
4.972863793373107910e-01
-2.610268294811248779e-01
6.768636405467987061e-02
3.872144222259521484e-02
-1.140002608299255371e-01
-5.430012941360473633e-03
4.155798554420471191e-01
6.235385537147521973e-01
1.019778698682785034e-01
-1.246525049209594727e-01
3.867059946060180664e-02
5.651780366897583008e-01
6.098843812942504883e-01
4.112762212753295898e-01
4.112762212753295898e-01
-4.650556743144989014e-01
4.511584043502807617e-01
5.602039098739624023e-01
-2.532444298267364502e-01
-3.343015909194946289e-03
3.102293312549591064e-01
6.005884408950805664e-01
4.707824587821960449e-01
2.373461425304412842e-01
5.959979295730590820e-01
5.959979295730590820e-01
4.466705918312072754e-01
7.986786961555480957e-02
-1.184569895267486572e-01
6.196222305297851562e-01
6.207659840583801270e-02
4.816407561302185059e-01
5.281806588172912598e-01
7.409832477569580078e-01
1.003655791282653809e-01
6.551698446273803711e-01
4.085138440132141113e-02
9.423670172691345215e-02
5.729299783706665039e-02
6.181207299232482910e-01
4.175308346748352051e-02
3.375070393085479736e-01
7.463409900665283203e-01
5.055819749832153320e-01
-1.076816618442535400e-01
3.260391950607299805e-02
-5.140383243560791016e-01
1.195164620876312256e-01
1.075443029403686523e-01
2.316760271787643433e-01
1.013866811990737915e-01
8.469131588935852051e-02
-1.109507083892822266e-01
6.133450865745544434e-01
1.080215215682983398e+00
-1.246503591537475586e-01
6.063983440399169922e-01
2.107738107442855835e-01
4.241684079170227051e-01
-5.646026134490966797e-02
4.613674283027648926e-01
2.209953069686889648e-01
5.506986379623413086e-01
-6.645178794860839844e-02
1.573750376701354980e-02
6.201863288879394531e-01
4.967167377471923828e-01
1.126360446214675903e-01
6.193073987960815430e-01
4.727967977523803711e-01
5.830258131027221680e-02
6.430261135101318359e-01
1.034695148468017578e+00
6.086716651916503906e-01
2.652343213558197021e-01
1.798448264598846436e-01
6.903799772262573242e-01
-8.846810460090637207e-02
5.219660997390747070e-01
3.530128002166748047e-01
5.292149186134338379e-01
-2.070975899696350098e-01
5.024224519729614258e-03
1.167806982994079590e-02
-5.345940589904785156e-03
6.662333011627197266e-01
4.996235370635986328e-01
6.428968906402587891e-01
6.953560709953308105e-01
8.958584070205688477e-02
4.562661349773406982e-01
1.517284363508224487e-01
-3.496947884559631348e-02
1.071463227272033691e-01
5.672345161437988281e-01
4.697974026203155518e-01
1.022168099880218506e-01
4.504505693912506104e-01
4.504505693912506104e-01
7.409211993217468262e-02
-2.434854507446289062e-01
7.592791318893432617e-01
6.027461290359497070e-01
2.116152793169021606e-01
5.463746786117553711e-01
-1.470017433166503906e-01
5.474752187728881836e-01
4.925102591514587402e-01
4.930783510208129883e-01
1.324636340141296387e-01
-5.279153585433959961e-03
3.772479295730590820e-02
5.354136228561401367e-01
8.180307149887084961e-01
5.987389087677001953e-01
4.905925989151000977e-01
5.218764543533325195e-01
2.869593203067779541e-01
6.125081777572631836e-01
6.822187900543212891e-01
6.431674957275390625e-01
7.814067602157592773e-01
4.670718312263488770e-01
5.162496566772460938e-01
5.162496566772460938e-01
6.572804450988769531e-01
4.955724477767944336e-01
7.537927627563476562e-01
9.383469820022583008e-01
4.766350090503692627e-01
5.283318161964416504e-01
-2.458992302417755127e-01
5.029590725898742676e-01
1.334352791309356689e-01
3.991059660911560059e-01
4.326992630958557129e-01
4.086956381797790527e-02
1.861665546894073486e-01
7.670189142227172852e-01
5.511800646781921387e-01
1.950463652610778809e-02
7.988334894180297852e-01
7.700486779212951660e-01
8.125979900360107422e-01
5.103993415832519531e-01
6.954519748687744141e-01
6.077089905738830566e-01
4.240879416465759277e-02
2.243155837059020996e-01
7.630270719528198242e-02
1.722352206707000732e-01
7.967693209648132324e-01
2.939455807209014893e-01
7.117571830749511719e-01
1.194561123847961426e-01
7.391766309738159180e-01
-3.087954521179199219e-01
1.624043583869934082e-01
6.250333786010742188e-01
2.283144146203994751e-01
2.278412431478500366e-01
4.794499278068542480e-01
1.741214096546173096e-01
4.244260191917419434e-01
7.276335954666137695e-01
1.375503242015838623e-01
1.594882905483245850e-01
4.693081378936767578e-01
5.875635147094726562e-01
2.638017833232879639e-01
3.003832697868347168e-01
7.585155963897705078e-01
2.151782512664794922e-01
1.727617084980010986e-01
7.059962749481201172e-01
4.592559933662414551e-01
2.362237125635147095e-01
6.371095180511474609e-01
6.979728937149047852e-01
2.798791527748107910e-01
8.816450834274291992e-02
5.821264982223510742e-01
5.871651172637939453e-01
4.340509772300720215e-01
5.304771661758422852e-01
1.200076639652252197e-01
7.825824022293090820e-01
6.005084514617919922e-01
-1.592072844505310059e-01
5.621585845947265625e-01
6.597986221313476562e-01
7.042452692985534668e-01
1.171349525451660156e+00
8.131045103073120117e-01
9.309930801391601562e-01
8.726012706756591797e-02
9.991396665573120117e-01
7.155175209045410156e-01
7.725942134857177734e-01
2.021712213754653931e-01
6.575671434402465820e-01
5.963343381881713867e-01
1.358062028884887695e-02
5.732131600379943848e-01
4.562770128250122070e-01
2.589243650436401367e-01
2.214206606149673462e-01
5.111684203147888184e-01
5.807855725288391113e-01
2.946287393569946289e-03
1.137597560882568359e-01
2.074766606092453003e-01
4.953826069831848145e-01
6.870661973953247070e-01
7.617009282112121582e-01
4.559654593467712402e-01
2.640605568885803223e-01
8.332340717315673828e-01
7.231310606002807617e-01
3.059504926204681396e-01
7.899158000946044922e-01
3.630495369434356689e-01
6.455467939376831055e-01
9.096637368202209473e-02
7.817387580871582031e-01
1.221453785896301270e+00
6.009531617164611816e-01
4.208527505397796631e-01
-1.037722826004028320e-02
3.660015463829040527e-01
3.574333190917968750e-01
6.845424175262451172e-01
5.728371143341064453e-01
5.728371143341064453e-01
5.957127213478088379e-01
4.821884036064147949e-01
2.615667581558227539e-01
2.678613662719726562e-01
1.371462345123291016e-01
6.135604977607727051e-01
1.337522268295288086e-02
6.386379003524780273e-01
6.632296442985534668e-01
4.272997379302978516e-02
6.062077283859252930e-01
5.585265159606933594e-01
5.052645802497863770e-01
5.553084015846252441e-01
6.526483297348022461e-01
2.971351146697998047e-02
7.079874277114868164e-01
5.682868361473083496e-01
1.328001022338867188e-01
7.497618794441223145e-01
7.398817539215087891e-01
4.055735468864440918e-01
5.984201431274414062e-01
3.623498082160949707e-01
5.791480541229248047e-01
-1.763546466827392578e-02
6.450929641723632812e-01
5.615338683128356934e-01
7.028398513793945312e-01
8.724816441535949707e-01
4.332262277603149414e-01
3.814241290092468262e-02
3.814241290092468262e-02
3.607137799263000488e-01
8.087564706802368164e-01
8.572407960891723633e-01
6.899256706237792969e-01
1.599080264568328857e-01
3.553064465522766113e-01
1.459510326385498047e-01
6.235246658325195312e-01
2.946997284889221191e-01
1.790748834609985352e-01
6.565551161766052246e-01
8.991023302078247070e-01
7.093462944030761719e-01
5.793458819389343262e-01
4.141909778118133545e-01
5.914459824562072754e-01
6.536028385162353516e-01
6.842909455299377441e-01
7.028416395187377930e-01
5.811342000961303711e-01
7.340891361236572266e-01
3.620121479034423828e-01
1.850586235523223877e-01
8.541361093521118164e-01
1.818332672119140625e-01
8.227801322937011719e-01
6.254123449325561523e-01
6.189186573028564453e-01
6.560339927673339844e-01
2.144716978073120117e-01
7.904709577560424805e-01
9.070484638214111328e-01
5.867326855659484863e-01
7.877662181854248047e-01
5.559105277061462402e-01
1.335767984390258789e+00
7.472507953643798828e-01
7.319297790527343750e-01
1.967978775501251221e-01
6.430094242095947266e-01
2.256279289722442627e-01
7.637939453125000000e-01
3.095747828483581543e-01
6.460254788398742676e-01
5.296745896339416504e-01
6.557786464691162109e-01
7.530091404914855957e-01
8.196594119071960449e-01
6.336114406585693359e-01
1.114857494831085205e-01
2.599688172340393066e-01
4.061268866062164307e-01
5.917351245880126953e-01
6.041687726974487305e-01
3.940188884735107422e-01
6.000957489013671875e-01
6.000957489013671875e-01
6.298231482505798340e-01
5.691097974777221680e-01
4.376440048217773438e-01
6.235460042953491211e-01
4.365423321723937988e-01
7.656993865966796875e-01
6.265501379966735840e-01
5.823990702629089355e-01
6.712074279785156250e-01
3.868938088417053223e-01
8.976261019706726074e-01
7.392098903656005859e-01
8.969165682792663574e-01
7.034790515899658203e-01
5.272984504699707031e-03
1.095459103584289551e+00
7.380277514457702637e-01
6.566861867904663086e-01
6.312331557273864746e-01
6.012033224105834961e-01
6.290165781974792480e-01
3.978182971477508545e-01
6.972931623458862305e-01
6.375820636749267578e-01
6.283152699470520020e-01
8.096638917922973633e-01
2.446323931217193604e-01
2.788487672805786133e-01
7.184458971023559570e-01
6.286802291870117188e-01
7.527703046798706055e-01
7.233282923698425293e-01
6.710630655288696289e-01
3.074297904968261719e-01
7.709022164344787598e-01
4.869624078273773193e-01
3.135368227958679199e-01
6.046647429466247559e-01
7.452741861343383789e-01
2.758562564849853516e-02
2.173657417297363281e-01
3.336709737777709961e-01
3.923989832401275635e-01
6.595782637596130371e-01
4.684018790721893311e-01
6.107602715492248535e-01
5.144198536872863770e-01
4.932502508163452148e-01
6.707973480224609375e-01
5.921300649642944336e-01
7.802503705024719238e-01
7.594507932662963867e-01
7.482972145080566406e-01
6.641269326210021973e-01
6.375609040260314941e-01
6.589349508285522461e-01
8.852261304855346680e-01
8.732839822769165039e-01
4.637333750724792480e-01
1.867284774780273438e-01
5.268000960350036621e-01
7.697235345840454102e-01
2.422886490821838379e-01
6.592529416084289551e-01
6.651765108108520508e-01
7.175681591033935547e-01
1.697450876235961914e-01
4.873665869235992432e-01
7.114604711532592773e-01
6.257564425468444824e-01
5.690408945083618164e-01
5.159074068069458008e-01
2.556018829345703125e-01
2.556018829345703125e-01
5.247133374214172363e-01
5.140784382820129395e-01
8.880820274353027344e-01
8.277323246002197266e-01
7.604238390922546387e-01
6.392233967781066895e-01
1.631387174129486084e-01
7.536740303039550781e-01
7.018126845359802246e-01
8.578144907951354980e-01
8.066965341567993164e-01
8.260577321052551270e-01
1.977000534534454346e-01
3.008763492107391357e-01
7.607745528221130371e-01
2.907125353813171387e-01
8.778892755508422852e-01
6.272988915443420410e-01
9.446550607681274414e-01
6.688258051872253418e-01
2.578153312206268311e-01
6.574630737304687500e-01
7.457751631736755371e-01
7.141336202621459961e-01
2.509399354457855225e-01
8.384307622909545898e-01
6.242566108703613281e-01
9.130679368972778320e-01
6.426751017570495605e-01
8.549696207046508789e-01
8.264192342758178711e-01
8.260214328765869141e-01
6.328350901603698730e-01
-5.391513109207153320e-01
8.892472982406616211e-01
6.704384684562683105e-01
-8.498811721801757812e-02
6.991579532623291016e-01
4.663795232772827148e-01
7.684769630432128906e-01
8.103342652320861816e-01
2.636466622352600098e-01
8.240351676940917969e-01
7.096933126449584961e-01
1.296912074089050293e+00
8.087493181228637695e-01
5.807808041572570801e-01
3.546597361564636230e-01
4.524499773979187012e-01
4.890204071998596191e-01
1.148846149444580078e-01
4.289314746856689453e-01
8.148550391197204590e-01
7.509888410568237305e-01
4.062240421772003174e-01
1.784225106239318848e-01
7.425631880760192871e-01
9.172737002372741699e-01
9.172737002372741699e-01
4.731834530830383301e-01
9.415314197540283203e-01
8.125248551368713379e-01
6.090728640556335449e-01
7.341958284378051758e-01
-2.103590965270996094e-01
2.929634451866149902e-01
4.864559173583984375e-01
6.646673083305358887e-01
8.020129203796386719e-01
3.819329738616943359e-01
7.795953154563903809e-01
9.423021674156188965e-01
7.766950726509094238e-01
5.783748626708984375e-01
6.421929001808166504e-01
2.800873219966888428e-01
6.391326189041137695e-01
6.391326189041137695e-01
6.391326189041137695e-01
6.597861051559448242e-01
7.675806879997253418e-01
7.986109852790832520e-01
3.032141029834747314e-01
7.027841806411743164e-01
1.900998651981353760e-01
6.393387913703918457e-01
1.706269383430480957e-01
-2.223354578018188477e-02
5.781223177909851074e-01
3.396767377853393555e-02
6.657549142837524414e-01
6.815817952156066895e-01
6.759876012802124023e-01
6.739283204078674316e-01
6.507457494735717773e-01
3.331462144851684570e-01
8.266475200653076172e-01
6.404265761375427246e-01
6.404265761375427246e-01
6.404265761375427246e-01
6.404265761375427246e-01
6.404265761375427246e-01
4.994233548641204834e-01
6.185641288757324219e-01
5.940457582473754883e-01
2.900872528553009033e-01
-2.368969321250915527e-01
2.511637508869171143e-01
1.991060376167297363e-01
4.977985024452209473e-01
6.599965691566467285e-01
6.662541627883911133e-01
6.526258587837219238e-01
6.526258587837219238e-01
7.186662554740905762e-01
5.209033489227294922e-01
5.960905551910400391e-01
6.902328729629516602e-01
6.410883069038391113e-01
6.410883069038391113e-01
6.410883069038391113e-01
6.065538525581359863e-01
7.159799933433532715e-01
6.192253232002258301e-01
4.148848950862884521e-01
6.349879503250122070e-01
4.115810394287109375e-01
6.816888451576232910e-01
8.159694671630859375e-01
4.960312247276306152e-01
7.049750685691833496e-01
6.845375895500183105e-01
9.088861942291259766e-01
5.396711230278015137e-01
5.114749073982238770e-01
8.414379954338073730e-01
1.704825520515441895e+00
6.981255412101745605e-01
5.075646042823791504e-01
6.871787905693054199e-01
6.871787905693054199e-01
6.846855282783508301e-01
6.247503757476806641e-01
6.736378073692321777e-01
6.282969713211059570e-01
6.231777071952819824e-01
6.838057637214660645e-01
7.142610549926757812e-01
8.167107105255126953e-01
5.034251809120178223e-01
6.836686730384826660e-01
4.915761053562164307e-01
7.307265996932983398e-01
5.033894777297973633e-01
1.292566359043121338e-01
5.295734405517578125e-01
5.217838883399963379e-01
5.221749544143676758e-01
7.869572043418884277e-01
3.254195153713226318e-01
5.858527421951293945e-01
6.967844963073730469e-01
6.485449671745300293e-01
1.129530429840087891e+00
1.033906459808349609e+00
6.459769010543823242e-01
6.459769010543823242e-01
5.202207565307617188e-01
7.690288424491882324e-01
6.172540187835693359e-01
5.240830183029174805e-01
5.279465317726135254e-01
4.931178689002990723e-01
5.220712423324584961e-01
7.306422591209411621e-01
5.034343004226684570e-01
2.149200141429901123e-01
5.289180278778076172e-01
7.330434918403625488e-01
6.710793375968933105e-01
6.216847896575927734e-01
6.954109072685241699e-01
6.488448381423950195e-01
6.488448381423950195e-01
5.516822338104248047e-01
6.453518867492675781e-01
8.584831953048706055e-01
4.912019371986389160e-01
7.543175816535949707e-01
6.362624764442443848e-01
2.227331101894378662e-01
5.137699842453002930e-01
7.967318892478942871e-01
7.704710364341735840e-01
4.929456710815429688e-01
5.448979735374450684e-01
4.965035319328308105e-01
1.018304109573364258e+00
8.232669830322265625e-01
5.466337800025939941e-01
7.951797246932983398e-01
5.241963863372802734e-01
7.666279077529907227e-01
9.509067535400390625e-01
5.004656314849853516e-01
5.391536355018615723e-01
5.726583003997802734e-01
5.445232987403869629e-01
3.239352703094482422e-01
2.820448875427246094e-01
6.518368721008300781e-01
2.272055149078369141e-01
1.812547743320465088e-01
7.269447445869445801e-01
5.317142605781555176e-01
9.781138896942138672e-01
5.508532524108886719e-01
5.508532524108886719e-01
5.508532524108886719e-01
6.295635104179382324e-01
5.450830459594726562e-01
5.450830459594726562e-01
5.450830459594726562e-01
6.918730735778808594e-01
5.442018508911132812e-01
5.677947998046875000e-01
5.554203391075134277e-01
3.398186266422271729e-01
7.655131816864013672e-01
5.437338948249816895e-01
9.170514345169067383e-01
5.507189631462097168e-01
6.534312367439270020e-01
7.508904933929443359e-01
4.829741418361663818e-01
5.855088233947753906e-01
7.040652036666870117e-01
2.898916006088256836e-01
5.373523831367492676e-01
1.052456974983215332e+00
4.968330860137939453e-01
5.471048951148986816e-01
5.429536700248718262e-01
5.553723573684692383e-01
5.553723573684692383e-01
3.602213561534881592e-01
5.390170216560363770e-01
7.371443510055541992e-01
5.208340883255004883e-01
1.342950820922851562e+00
5.582578182220458984e-01
5.200304985046386719e-01
5.543256402015686035e-01
1.032862544059753418e+00
7.149524688720703125e-01
5.371732711791992188e-01
5.504605174064636230e-01
5.504605174064636230e-01
5.504605174064636230e-01
4.633475840091705322e-01
1.046523094177246094e+00
5.221126675605773926e-01
8.384246826171875000e-01
6.566495895385742188e-01
7.298511266708374023e-01
1.162540435791015625e+00
8.888540267944335938e-01
3.597116768360137939e-01
5.316439867019653320e-01
8.584822416305541992e-01
9.028328657150268555e-01
7.072450518608093262e-01
1.031649708747863770e-01
5.611082911491394043e-01
4.134184420108795166e-01
9.881722331047058105e-01
5.636915564537048340e-01
2.891642749309539795e-01
5.747323632240295410e-01
8.025890588760375977e-01
4.693524837493896484e-01
7.410293221473693848e-01
9.226903915405273438e-01
5.590223670005798340e-01
7.854360342025756836e-01
5.490679144859313965e-01
5.490679144859313965e-01
4.962542057037353516e-01
5.581874251365661621e-01
5.581874251365661621e-01
5.581874251365661621e-01
9.085822701454162598e-01
5.577515959739685059e-01
5.682153105735778809e-01
5.504621267318725586e-01
1.026775836944580078e+00
5.207568407058715820e-01
1.042995691299438477e+00
1.196511268615722656e+00
5.460807681083679199e-01
7.066363692283630371e-01
5.661860704421997070e-01
8.402402997016906738e-01
6.632418036460876465e-01
5.531492829322814941e-01
4.480189979076385498e-01
5.704500079154968262e-01
4.939013123512268066e-01
5.623450875282287598e-01
8.893373608589172363e-01
6.226035952568054199e-01
5.766555070877075195e-01
8.862514495849609375e-01
1.001140117645263672e+00
5.458406209945678711e-01
7.569031715393066406e-01
9.080868959426879883e-01
5.593786239624023438e-01
4.827592372894287109e-01
7.084078192710876465e-01
7.434427738189697266e-01
5.623708367347717285e-01
5.678976178169250488e-01
5.700446367263793945e-01
4.928446114063262939e-01
7.568851709365844727e-01
5.602156519889831543e-01
5.763498544692993164e-01
5.723300576210021973e-01
1.635458469390869141e-01
9.146305322647094727e-01
5.703763365745544434e-01
5.762602686882019043e-01
5.824681520462036133e-01
9.806178808212280273e-01
5.566291213035583496e-01
8.154549598693847656e-01
5.820699334144592285e-01
5.690461993217468262e-01
5.690461993217468262e-01
9.282956719398498535e-01
7.525018453598022461e-01
7.425137758255004883e-01
7.425137758255004883e-01
9.862120151519775391e-01
5.595017075538635254e-01
7.827786207199096680e-01
5.475325584411621094e-01
5.735803246498107910e-01
5.819251537322998047e-01
3.537326753139495850e-01
9.286917448043823242e-01
7.868595123291015625e-01
5.829027891159057617e-01
5.562793016433715820e-01
9.678588509559631348e-01
7.612139582633972168e-01
9.926377534866333008e-01
7.203023433685302734e-01
5.735818743705749512e-01
4.984701275825500488e-01
1.021779656410217285e+00
5.773858428001403809e-01
5.329171419143676758e-01
9.768972396850585938e-01
1.362407326698303223e+00
7.915167808532714844e-01
8.533899188041687012e-01
5.705611705780029297e-01
5.740911364555358887e-01
5.853160619735717773e-01
5.674859881401062012e-01
5.265357494354248047e-01
5.811067819595336914e-01
5.513413548469543457e-01
5.397225022315979004e-01
5.767803192138671875e-01
5.839836597442626953e-01
7.447083592414855957e-01
5.782721638679504395e-01
1.035080432891845703e+00
3.056161403656005859e-01
5.727464556694030762e-01
5.820058584213256836e-01
9.570367336273193359e-01
6.730632781982421875e-01
5.768471956253051758e-01
5.768471956253051758e-01
6.923806071281433105e-01
4.923879504203796387e-01
4.923879504203796387e-01
7.064191102981567383e-01
5.835023522377014160e-01
5.729878544807434082e-01
5.745997428894042969e-01
7.670487165451049805e-01
5.648499131202697754e-01
5.404945611953735352e-01
8.783109188079833984e-01
5.380431413650512695e-01
9.471130371093750000e-01
5.456394553184509277e-01
5.797550678253173828e-01
5.896556377410888672e-01
5.896556377410888672e-01
5.514035224914550781e-01
5.332968235015869141e-01
3.406747281551361084e-01
7.546315789222717285e-01
7.546315789222717285e-01
7.546315789222717285e-01
1.183788537979125977e+00
5.851256847381591797e-01
8.142406940460205078e-01
9.715914726257324219e-01
5.361290574073791504e-01
8.185231089591979980e-01
4.732787013053894043e-01
5.671356916427612305e-01
1.215252518653869629e+00
6.673933267593383789e-01
9.179118871688842773e-01
5.882667303085327148e-01
9.310033321380615234e-01
7.534888982772827148e-01
7.534888982772827148e-01
7.534888982772827148e-01
5.625856518745422363e-01
6.415361762046813965e-01
7.827174663543701172e-01
7.576153278350830078e-01
7.576153278350830078e-01
7.576153278350830078e-01
6.560958027839660645e-01
5.853388309478759766e-01
6.094038486480712891e-01
1.052419781684875488e+00
7.185218930244445801e-01
5.595812797546386719e-01
9.497641921043395996e-01
7.186438441276550293e-01
5.648438930511474609e-01
8.443340659141540527e-01
4.776466488838195801e-01
8.090649247169494629e-01
9.969472289085388184e-01
5.936495065689086914e-01
8.373718857765197754e-01
5.867366194725036621e-01
1.219793558120727539e+00
5.882973670959472656e-01
1.193760514259338379e+00
3.095921874046325684e-01
4.571130871772766113e-01
5.483324527740478516e-01
4.989354610443115234e-01
6.371275186538696289e-01
5.542738437652587891e-01
5.568011999130249023e-01
3.675134778022766113e-01
5.421197414398193359e-01
8.232031464576721191e-01
4.415181279182434082e-01
7.907667160034179688e-01
5.634296536445617676e-01
5.634296536445617676e-01
8.058791160583496094e-01
8.058791160583496094e-01
8.058791160583496094e-01
7.451194524765014648e-01
3.873121738433837891e-01
7.926577329635620117e-01
4.313318729400634766e-01
1.148514389991760254e+00
9.981879591941833496e-01
1.056851387023925781e+00
6.505811214447021484e-01
9.874802231788635254e-01
3.609472513198852539e-01
5.925002098083496094e-01
9.820719957351684570e-01
8.144894838333129883e-01
3.453286886215209961e-01
5.932116508483886719e-01
3.884711563587188721e-01
9.013317823410034180e-01
8.907009363174438477e-01
5.923029780387878418e-01
5.903018116950988770e-01
8.926829695701599121e-01
5.898460149765014648e-01
5.952015519142150879e-01
1.048218011856079102e+00
7.459551692008972168e-01
9.258623123168945312e-01
4.702091515064239502e-01
1.017926454544067383e+00
1.017926454544067383e+00
4.995231330394744873e-01
1.038943529129028320e+00
6.264950633049011230e-01
9.120822548866271973e-01
7.461608648300170898e-01
1.006814479827880859e+00
5.919115543365478516e-01
8.868871927261352539e-01
1.104881763458251953e+00
1.076227068901062012e+00
9.250634312629699707e-01
8.176145553588867188e-01
7.681291699409484863e-01
7.961129546165466309e-01
5.853080153465270996e-01
-7.514330148696899414e-01
-8.782422542572021484e-02
2.468171119689941406e-01
8.643075823783874512e-01
8.643075823783874512e-01
2.179765701293945312e-02
1.106213450431823730e+00
8.953334093093872070e-01
8.276960849761962891e-01
8.276960849761962891e-01
8.597260117530822754e-01
9.243220686912536621e-01
1.027014493942260742e+00
2.621420621871948242e-01
4.911842048168182373e-01
8.271691203117370605e-01
8.410990238189697266e-01
8.078648447990417480e-01
6.108278036117553711e-01
9.539593458175659180e-01
5.918599367141723633e-01
5.663602948188781738e-01
9.504998922348022461e-01
3.846963047981262207e-01
9.224768877029418945e-01
1.076185345649719238e+00
5.364562869071960449e-01
4.032362997531890869e-01
7.648037075996398926e-01
7.648037075996398926e-01
9.545727968215942383e-01
3.752329945564270020e-01
5.290160179138183594e-01
8.330376148223876953e-01
8.229929208755493164e-01
7.430314421653747559e-01
9.587019085884094238e-01
1.004699945449829102e+00
7.527579069137573242e-01
5.129695534706115723e-01
1.081999063491821289e+00
1.069654464721679688e+00
6.965582370758056641e-01
8.581703901290893555e-01
9.650604724884033203e-01
4.264812171459197998e-01
2.872091531753540039e-01
9.607456922531127930e-01
5.338611006736755371e-01
3.074496686458587646e-01
8.252819776535034180e-01
3.755939602851867676e-01
1.263640880584716797e+00
7.602353096008300781e-01
5.545989871025085449e-01
6.410706043243408203e-01
1.068923234939575195e+00
1.131392836570739746e+00
6.817271709442138672e-01
5.634266138076782227e-01
9.817659854888916016e-01
3.008904457092285156e-01
1.088448166847229004e+00
5.515941977500915527e-01
1.175330877304077148e+00
9.304178953170776367e-01
1.013026833534240723e+00
7.185388207435607910e-01
8.371114134788513184e-01
1.008254408836364746e+00
1.001928329467773438e+00
8.430712819099426270e-01
1.127484440803527832e+00
8.579857945442199707e-01
8.579857945442199707e-01
6.514182686805725098e-01
9.725220799446105957e-01
9.623149633407592773e-01
9.623149633407592773e-01
1.004257202148437500e+00
9.149501323699951172e-01
3.297847211360931396e-01
6.728104948997497559e-01
8.782047033309936523e-01
5.833201408386230469e-01
3.569869399070739746e-01
1.200455665588378906e+00
6.219551563262939453e-01
9.169685244560241699e-01
6.425580382347106934e-01
4.345315098762512207e-01
8.808236122131347656e-01
9.634160995483398438e-01
6.319795250892639160e-01
7.669086456298828125e-01
6.552777886390686035e-01
9.766045808792114258e-01
4.773992002010345459e-01
9.658474922180175781e-01
9.658474922180175781e-01
1.203507661819458008e+00
8.210142850875854492e-01
9.656227827072143555e-01
1.015211462974548340e+00
4.348349273204803467e-01
9.166654944419860840e-01
7.120744585990905762e-01
3.440430164337158203e-01
1.033507347106933594e+00
8.116093873977661133e-01
9.158841371536254883e-01
6.783234477043151855e-01
9.946883320808410645e-01
5.097284317016601562e-01
6.729955673217773438e-01
7.123848199844360352e-01
1.029946446418762207e+00
1.092951297760009766e+00
6.365811228752136230e-01
6.816978454589843750e-01
4.420047402381896973e-01
1.033050298690795898e+00
7.049171924591064453e-01
-4.431807994842529297e-02
1.123215198516845703e+00
7.211925983428955078e-01
6.966472864151000977e-01
9.772546291351318359e-01
1.072537899017333984e+00
7.655274868011474609e-01
6.700484156608581543e-01
8.997223377227783203e-01
1.229016542434692383e+00
4.297759830951690674e-01
7.573760151863098145e-01
6.649937629699707031e-01
6.874101161956787109e-01
6.754655838012695312e-01
9.641458988189697266e-01
7.195650935173034668e-01
6.974236965179443359e-01
1.074064016342163086e+00
1.521921396255493164e+00
6.644181609153747559e-01
1.157723426818847656e+00
1.206324458122253418e+00
1.036503553390502930e+00
4.294825792312622070e-01
1.103507876396179199e+00
1.027615785598754883e+00
1.219413638114929199e+00
1.019947409629821777e+00
1.025597691535949707e+00
1.098242759704589844e+00
1.116850137710571289e+00
4.336681067943572998e-01
6.957691907882690430e-01
1.098821163177490234e+00
7.154936194419860840e-01
4.961605966091156006e-01
1.160905361175537109e+00
6.896151304244995117e-01
9.418194890022277832e-01
4.949001967906951904e-01
9.765231013298034668e-01
7.355874776840209961e-01
7.007282376289367676e-01
6.693822741508483887e-01
4.289758205413818359e-01
1.201772928237915039e+00
7.274215817451477051e-01
1.107405185699462891e+00
4.501060545444488525e-01
4.049187004566192627e-01
1.091953516006469727e+00
9.971232414245605469e-01
9.971232414245605469e-01
9.166803956031799316e-01
9.622720479965209961e-01
1.007706999778747559e+00
1.142740607261657715e+00
8.673409223556518555e-01
7.206224203109741211e-01
7.336167097091674805e-01
1.026115894317626953e+00
8.897118568420410156e-01
2.633388042449951172e-01
9.631908535957336426e-01
9.593439698219299316e-01
7.343027591705322266e-01
9.702552556991577148e-01
3.070216774940490723e-01
1.205976366996765137e+00
1.145306944847106934e+00
7.092144489288330078e-01
9.346749782562255859e-01
7.463158369064331055e-01
1.018168210983276367e+00
7.394878864288330078e-01
9.338542222976684570e-01
7.505784630775451660e-01
7.358469367027282715e-01
9.867791533470153809e-01
1.185309886932373047e+00
9.520706534385681152e-01
5.177806019783020020e-01
5.015707015991210938e-01
7.485340833663940430e-01
9.851493239402770996e-01
1.089758753776550293e+00
1.074983000755310059e+00
7.523788213729858398e-01
9.837135672569274902e-01
5.318424701690673828e-01
7.648566365242004395e-01
7.052218914031982422e-01
9.652128815650939941e-01
1.233196377754211426e+00
1.123308181762695312e+00
1.146956682205200195e+00
5.963923931121826172e-01
9.914348125457763672e-01
9.914348125457763672e-01
1.075322151184082031e+00
8.984949588775634766e-01
9.752143025398254395e-01
1.098327517509460449e+00
9.871531724929809570e-01
9.078943133354187012e-01
4.815847873687744141e-01
8.946146965026855469e-01
1.079131841659545898e+00
1.180611133575439453e+00
9.318677186965942383e-01
3.265018463134765625e-01
7.421650290489196777e-01
9.719849824905395508e-01
9.596239328384399414e-01
9.000137448310852051e-01
4.966833591461181641e-01
1.256734609603881836e+00
2.271793484687805176e-01
9.004766345024108887e-01
9.985903501510620117e-01
9.985903501510620117e-01
9.983983635902404785e-01
1.123984098434448242e+00
8.916525840759277344e-01
9.975243806838989258e-01
1.176910877227783203e+00
9.498305320739746094e-01
9.498305320739746094e-01
1.048987030982971191e+00
1.001088976860046387e+00
9.964583516120910645e-01
9.964583516120910645e-01
1.554089188575744629e-01
1.176629781723022461e+00
9.953925013542175293e-01
1.220158815383911133e+00
9.798067212104797363e-01
9.798067212104797363e-01
1.007758378982543945e+00
1.007758378982543945e+00
1.101770520210266113e+00
9.755804538726806641e-01
9.894412755966186523e-01
9.454705715179443359e-01
7.319346070289611816e-01
9.777545928955078125e-01
1.984618902206420898e-01
9.951139688491821289e-01
9.703442454338073730e-01
1.025963783264160156e+00
1.012264251708984375e+00
7.655625343322753906e-01
7.655625343322753906e-01
1.007344841957092285e+00
9.802582859992980957e-01
9.802582859992980957e-01
1.009678244590759277e+00
9.649487137794494629e-01
1.241432189941406250e+00
7.679256200790405273e-01
9.976668357849121094e-01
7.558898925781250000e-01
1.063849210739135742e+00
7.512931227684020996e-01
1.058446884155273438e+00
1.138418436050415039e+00
4.513492584228515625e-01
9.859325885772705078e-01
9.424706101417541504e-01
7.908464074134826660e-01
7.908464074134826660e-01
7.898186445236206055e-01
9.272846579551696777e-01
9.932380914688110352e-01
9.299609065055847168e-01
7.994605302810668945e-01
1.081279873847961426e+00
7.529293894767761230e-01
1.006569504737854004e+00
1.679536938667297363e+00
7.995663881301879883e-01
8.941205143928527832e-01
4.414716958999633789e-01
7.904002070426940918e-01
8.085356950759887695e-01
1.115300893783569336e+00
1.019348263740539551e+00
7.064582109451293945e-01
1.488767266273498535e+00
1.001957297325134277e+00
9.869003295898437500e-01
8.063990473747253418e-01
7.665049433708190918e-01
7.884489893913269043e-01
7.600323557853698730e-01
1.132541775703430176e+00
7.813248634338378906e-01
8.305106759071350098e-01
1.006187677383422852e+00
1.103039383888244629e+00
7.764804363250732422e-01
1.007840991020202637e+00
1.041002750396728516e+00
8.520347476005554199e-01
8.328066468238830566e-01
8.328066468238830566e-01
1.058552742004394531e+00
7.692558765411376953e-01
9.962749481201171875e-01
8.039392232894897461e-01
7.846196889877319336e-01
1.069510936737060547e+00
8.010886311531066895e-01
7.800832986831665039e-01
1.038112163543701172e+00
8.130614161491394043e-01
1.058072447776794434e+00
1.052631497383117676e+00
1.009597897529602051e+00
1.009597897529602051e+00
7.956116795539855957e-01
1.054929733276367188e+00
7.914162874221801758e-01
1.010096073150634766e+00
1.442799806594848633e+00
1.656161785125732422e+00
1.045230269432067871e+00
8.464243412017822266e-01
7.189433574676513672e-01
8.208545446395874023e-01
8.549273014068603516e-01
1.054986000061035156e+00
8.199886679649353027e-01
7.921794056892395020e-01
8.474774956703186035e-01
8.251296877861022949e-01
8.147625327110290527e-01
7.986314892768859863e-01
8.420078754425048828e-01
8.425067663192749023e-01
4.356058239936828613e-01
8.186168670654296875e-01
1.295421838760375977e+00
6.543506383895874023e-01
8.629055023193359375e-01
8.588040471076965332e-01
1.178390741348266602e+00
9.698303937911987305e-01
1.062579512596130371e+00
1.032115936279296875e+00
9.836851954460144043e-01
8.260953426361083984e-01
1.037019133567810059e+00
1.229812502861022949e+00
1.076495051383972168e+00
1.072289347648620605e+00
8.641582727432250977e-01
1.043731451034545898e+00
8.409773111343383789e-01
1.055587053298950195e+00
8.510617017745971680e-01
1.267487168312072754e+00
1.455646276473999023e+00
9.966052770614624023e-01
1.116883516311645508e+00
6.279227733612060547e-01
1.088916301727294922e+00
8.372577428817749023e-01
1.227530002593994141e+00
1.104506611824035645e+00
1.113410949707031250e+00
1.122296214103698730e+00
1.121480703353881836e+00
1.087035894393920898e+00
1.074118494987487793e+00
8.093245625495910645e-01
1.076496958732604980e+00
8.619310259819030762e-01
8.510261178016662598e-01
1.142650842666625977e+00
1.077601552009582520e+00
1.077601552009582520e+00
1.077601552009582520e+00
1.077601552009582520e+00
1.092754840850830078e+00
1.015656828880310059e+00
1.024981379508972168e+00
1.993329524993896484e-01
1.032445311546325684e+00
1.080843091011047363e+00
8.874166607856750488e-01
1.029325962066650391e+00
7.793089151382446289e-01
8.794346451759338379e-01
1.029307007789611816e+00
1.151000022888183594e+00
1.151000022888183594e+00
1.166741609573364258e+00
1.175082206726074219e+00
1.082210421562194824e+00
1.028880476951599121e+00
8.268915414810180664e-01
7.788960933685302734e-01
1.215731859207153320e+00
8.610750436782836914e-01
1.064755797386169434e+00
9.812869429588317871e-01
1.043371558189392090e+00
9.718511700630187988e-01
8.273313045501708984e-01
8.923630118370056152e-01
8.743357658386230469e-01
8.743357658386230469e-01
7.885152101516723633e-01
1.056678295135498047e+00
8.911564350128173828e-01
8.911564350128173828e-01
8.911117315292358398e-01
1.095372319221496582e+00
6.010235548019409180e-01
8.879114985466003418e-01
8.348575234413146973e-01
1.229429960250854492e+00
1.135939359664916992e+00
8.568796515464782715e-01
1.021121621131896973e+00
1.042713880538940430e+00
1.362296223640441895e+00
1.090713977813720703e+00
8.439694643020629883e-01
2.830722928047180176e-01
1.241426348686218262e+00
7.645094394683837891e-01
8.672900199890136719e-01
8.952062129974365234e-01
1.046711087226867676e+00
1.393695592880249023e+00
1.231917977333068848e+00
1.268453836441040039e+00
1.054110884666442871e+00
8.491268157958984375e-01
9.715806245803833008e-01
8.929237127304077148e-01
1.089607954025268555e+00
5.024884939193725586e-01
4.639850258827209473e-01
1.059482336044311523e+00
9.640255570411682129e-01
9.002721905708312988e-01
1.040528178215026855e+00
1.208683967590332031e+00
9.121607542037963867e-01
1.314845800399780273e+00
9.046716094017028809e-01
9.152925014495849609e-01
1.075639009475708008e+00
1.082510232925415039e+00
1.115304350852966309e+00
1.115304350852966309e+00
1.028576374053955078e+00
9.175959229469299316e-01
1.102218866348266602e+00
1.207850217819213867e+00
9.938462972640991211e-01
1.068149685859680176e+00
1.122341990470886230e+00
3.901767730712890625e-01
8.334420919418334961e-01
1.069998621940612793e+00
1.069998621940612793e+00
6.233351230621337891e-01
1.075413465499877930e+00
1.331601858139038086e+00
9.149978756904602051e-01
1.065474987030029297e+00
9.110561609268188477e-01
1.103096485137939453e+00
9.962092638015747070e-01
9.891405105590820312e-01
1.135983467102050781e+00
7.959988713264465332e-01
1.134659647941589355e+00
1.011907100677490234e+00
1.145881772041320801e+00
1.136984229087829590e+00
1.028705716133117676e+00
9.266533255577087402e-01
9.266533255577087402e-01
1.102468490600585938e+00
1.083667039871215820e+00
1.128692030906677246e+00
1.032239794731140137e+00
1.887032508850097656e+00
1.192514896392822266e+00
9.256381988525390625e-01
1.077916383743286133e+00
1.225258588790893555e+00
1.162593126296997070e+00
6.180325746536254883e-01
1.501881599426269531e+00
1.267414808273315430e+00
1.096477270126342773e+00
1.095879793167114258e+00
1.530339002609252930e+00
1.129612803459167480e+00
1.087084531784057617e+00
1.147815704345703125e+00
1.056748270988464355e+00
1.823638200759887695e+00
1.121853113174438477e+00
1.025415301322937012e+00
9.419810771942138672e-01
1.157346963882446289e+00
7.204384803771972656e-01
1.976359844207763672e+00
1.330618977546691895e+00
1.161676645278930664e+00
1.082137823104858398e+00
1.089134812355041504e+00
1.167376756668090820e+00
1.395874977111816406e+00
1.117421388626098633e+00
1.147267818450927734e+00
1.113813400268554688e+00
1.113813400268554688e+00
1.382351636886596680e+00
1.425514698028564453e+00
9.981475472450256348e-01
7.500648498535156250e-04
1.103642821311950684e+00
1.149786949157714844e+00
1.075251460075378418e+00
7.277148365974426270e-01
9.617834687232971191e-01
1.170944333076477051e+00
1.580499649047851562e+00
1.163453578948974609e+00
1.573373556137084961e+00
1.185948848724365234e+00
7.595375180244445801e-01
1.156227111816406250e+00
1.137937068939208984e+00
1.595140576362609863e+00
1.338502287864685059e+00
1.022478342056274414e+00
1.328931093215942383e+00
1.165901541709899902e+00
1.154226899147033691e+00
1.138617038726806641e+00
1.266771912574768066e+00
1.139576196670532227e+00
1.125990271568298340e+00
1.513707280158996582e+00
1.132555007934570312e+00
1.189617872238159180e+00
1.235238432884216309e+00
1.352571010589599609e+00
1.330446243286132812e+00
1.883893847465515137e+00
1.128800749778747559e+00
1.330724358558654785e+00
1.129442930221557617e+00
1.420047521591186523e+00
1.181322574615478516e+00
1.136543393135070801e+00
1.402879476547241211e+00
1.662341356277465820e+00
1.198014259338378906e+00
1.132514119148254395e+00
8.133857846260070801e-01
1.425678968429565430e+00
1.106219291687011719e+00
1.051032543182373047e+00
1.220072865486145020e+00
9.845900535583496094e-01
1.234051227569580078e+00
1.148338437080383301e+00
1.512734293937683105e+00
1.207452297210693359e+00
1.323360919952392578e+00
6.496480703353881836e-01
1.467907786369323730e+00
1.467907786369323730e+00
1.093334674835205078e+00
1.122489213943481445e+00
1.638071537017822266e+00
1.232293367385864258e+00
1.147572040557861328e+00
7.089619636535644531e-01
1.202379226684570312e+00
1.150732755661010742e+00
1.643299102783203125e+00
1.092991948127746582e+00
9.097942709922790527e-01
1.215607643127441406e+00
1.283601641654968262e+00
1.250850439071655273e+00
1.065614461898803711e+00
1.551437258720397949e+00
1.179903507232666016e+00
1.256814479827880859e+00
7.262611389160156250e-01
1.074293971061706543e+00
7.616510391235351562e-01
1.317178726196289062e+00
1.079694271087646484e+00
7.652906179428100586e-01
7.612417936325073242e-01
7.572484016418457031e-01
1.161206841468811035e+00
4.043561816215515137e-01
1.202591776847839355e+00
1.091589927673339844e+00
1.066486120223999023e+00
1.777876734733581543e+00
1.408898234367370605e+00
1.128066897392272949e+00
1.176037073135375977e+00
6.906687021255493164e-01
9.022298455238342285e-01
1.416483759880065918e+00
1.275746703147888184e+00
1.277597188949584961e+00
1.632678151130676270e+00
1.115912437438964844e+00
9.756441116333007812e-01
1.789200782775878906e+00
9.675112962722778320e-01
1.830623507499694824e+00
1.247096776962280273e+00
1.002403140068054199e+00
1.730603456497192383e+00
1.334312915802001953e+00
1.126307010650634766e+00
1.160969853401184082e+00
9.587352275848388672e-01
1.156480312347412109e+00
1.028541803359985352e+00
6.637741923332214355e-01
1.291736006736755371e+00
1.183814048767089844e+00
1.279087305068969727e+00
1.116534948348999023e+00
1.770157933235168457e+00
1.249943137168884277e+00
1.639108180999755859e+00
6.856542825698852539e-01
1.589563608169555664e+00
1.250133037567138672e+00
1.275075674057006836e+00
9.861720800399780273e-01
1.206422924995422363e+00
9.886760711669921875e-01
1.308768033981323242e+00
1.131912946701049805e+00
8.584398031234741211e-01
1.256859779357910156e+00
4.170501828193664551e-01
6.669073104858398438e-01
6.740131378173828125e-01
1.001988649368286133e+00
1.367274403572082520e+00
1.021532297134399414e+00
7.023267745971679688e-01
7.717280387878417969e-01
1.044875860214233398e+00
1.316229701042175293e+00
9.339763522148132324e-01
1.016338586807250977e+00
1.213522434234619141e+00
1.221314549446105957e+00
1.410327196121215820e+00
1.242652297019958496e+00
8.912022113800048828e-01
1.901578903198242188e+00
1.567495822906494141e+00
1.074555873870849609e+00
1.505375623703002930e+00
1.074084162712097168e+00
1.705713510513305664e+00
1.071859717369079590e+00
1.012789368629455566e+00
1.304769992828369141e+00
1.242839336395263672e+00
1.080753922462463379e+00
8.796812891960144043e-01
1.383560419082641602e+00
4.491670131683349609e-01
1.939569592475891113e+00
1.454683184623718262e+00
1.177199363708496094e+00
1.473346710205078125e+00
8.220385313034057617e-01
7.201587557792663574e-01
1.450037240982055664e+00
1.529727578163146973e+00
1.581038713455200195e+00
1.287529349327087402e+00
1.287529349327087402e+00
1.747984886169433594e+00
1.438387036323547363e+00
1.659020185470581055e+00
1.862275600433349609e+00
1.039177536964416504e+00
1.742933392524719238e+00
1.647770047187805176e+00
7.747304439544677734e-01
1.252453565597534180e+00
9.837995767593383789e-01
8.036963939666748047e-01
1.217637658119201660e+00
1.681459665298461914e+00
1.504979848861694336e+00
1.657768726348876953e+00
1.650213956832885742e+00
1.738504886627197266e+00
1.221139430999755859e+00
1.258884429931640625e+00
1.505120515823364258e+00
1.592503666877746582e+00
1.100275158882141113e+00
1.205492734909057617e+00
1.663258075714111328e+00
7.975395917892456055e-01
1.403542757034301758e+00
1.358141422271728516e+00
1.358141422271728516e+00
1.358141422271728516e+00
8.224865198135375977e-01
1.112093091011047363e+00
1.640012741088867188e+00
1.226985335350036621e+00
4.887596964836120605e-01
1.567515730857849121e+00
8.110935091972351074e-01
8.110935091972351074e-01
7.871870994567871094e-01
1.513827562332153320e+00
1.186534047126770020e+00
5.993194580078125000e-01
1.377652406692504883e+00
1.563975811004638672e+00
1.882843494415283203e+00
1.123220324516296387e+00
1.801918745040893555e+00
1.256031751632690430e+00
1.166982412338256836e+00
1.220780134201049805e+00
1.547393798828125000e+00
1.857269525527954102e+00
1.324348092079162598e+00
1.614228487014770508e+00
1.462944626808166504e+00
8.299674987792968750e-01
1.905711174011230469e+00
8.507219552993774414e-01
1.795818328857421875e+00
2.146547317504882812e+00
1.328246474266052246e+00
1.402885675430297852e+00
1.426194429397583008e+00
1.996134519577026367e+00
1.791157722473144531e+00
1.829698562622070312e+00
1.153057694435119629e+00
1.224433064460754395e+00
1.320129871368408203e+00
1.504387617111206055e+00
1.660288929939270020e+00
1.360578656196594238e+00
1.193108558654785156e+00
1.368629574775695801e+00
2.499198913574218750e-01
1.083027243614196777e+00
1.216579556465148926e+00
7.709028720855712891e-01
8.299669027328491211e-01
1.310006141662597656e+00
7.970654964447021484e-01
1.555989623069763184e+00
8.163110017776489258e-01
8.221566081047058105e-01
8.346788287162780762e-01
8.602743148803710938e-01
1.199955940246582031e+00
1.849921703338623047e+00
7.990664839744567871e-01
1.847559213638305664e+00
1.035655856132507324e+00
6.475984454154968262e-01
1.632074952125549316e+00
1.311545252799987793e+00
8.277949094772338867e-01
8.190727233886718750e-01
1.144385099411010742e+00
1.841018438339233398e+00
1.256209850311279297e+00
1.320318937301635742e+00
3.793709278106689453e-01
4.228140711784362793e-01
8.476850986480712891e-01
1.768105626106262207e+00
1.052543401718139648e+00
1.835047483444213867e+00
1.201050281524658203e+00
1.208283424377441406e+00
1.456531167030334473e+00
1.679624557495117188e+00
1.679624557495117188e+00
1.473387122154235840e+00
1.664670944213867188e+00
1.854019880294799805e+00
1.213769197463989258e+00
1.213769197463989258e+00
1.213769197463989258e+00
8.585464954376220703e-01
1.457285404205322266e+00
1.428601264953613281e+00
8.892083168029785156e-01
1.954553127288818359e+00
1.775952100753784180e+00
1.775952100753784180e+00
1.332061767578125000e+00
1.215400099754333496e+00
1.207609295845031738e+00
1.770201325416564941e+00
1.783980369567871094e+00
1.453241229057312012e+00
2.003822088241577148e+00
1.545067548751831055e+00
1.659647107124328613e+00
1.654685139656066895e+00
1.464849233627319336e+00
1.479066848754882812e+00
1.356458663940429688e+00
1.504731416702270508e+00
8.324970006942749023e-01
1.360856533050537109e+00
1.697114109992980957e+00
5.459259748458862305e-01
1.307030081748962402e+00
1.530486226081848145e+00
1.899618148803710938e+00
1.479881763458251953e+00
5.300087928771972656e-01
1.341893196105957031e+00
1.231258511543273926e+00
1.551444053649902344e+00
1.389148592948913574e+00
1.724226117134094238e+00
7.010169029235839844e-01
1.745586872100830078e+00
1.284248471260070801e+00
5.392953753471374512e-01
1.826431512832641602e+00
4.454141855239868164e-01
5.375773310661315918e-01
4.660382270812988281e-01
5.186668634414672852e-01
1.353657484054565430e+00
1.419786334037780762e+00
4.565523862838745117e-01
1.843814253807067871e+00
1.655753135681152344e+00
5.014749765396118164e-01
1.368551731109619141e+00
1.224377274513244629e+00
1.337749004364013672e+00
1.339143753051757812e+00
1.681205630302429199e+00
1.483858585357666016e+00
1.474858641624450684e+00
1.695548415184020996e+00
1.606626033782958984e+00
1.769191503524780273e+00
1.488392829895019531e+00
1.355025291442871094e+00
1.507148265838623047e+00
1.924023628234863281e+00
1.649518251419067383e+00
1.883679151535034180e+00
1.361467599868774414e+00
1.483974933624267578e+00
1.429391145706176758e+00
1.787195444107055664e+00
1.152291893959045410e+00
1.319035887718200684e+00
1.861741781234741211e+00
1.727240443229675293e+00
1.453379392623901367e+00
1.453379392623901367e+00
9.553037285804748535e-01
4.969796538352966309e-01
1.468813061714172363e+00
1.311591625213623047e+00
1.349833250045776367e+00
1.391314029693603516e+00
1.790391564369201660e+00
1.818180084228515625e+00
1.765177130699157715e+00
1.564686655998229980e+00
1.649811625480651855e+00
1.884461998939514160e+00
1.467635631561279297e+00
1.538127541542053223e+00
1.382608413696289062e+00
1.375130414962768555e+00
1.421726107597351074e+00
1.384524583816528320e+00
2.139186859130859375e+00
1.576003193855285645e+00
1.859838247299194336e+00
1.974718809127807617e+00
4.301059246063232422e-01
1.056246519088745117e+00
1.377660989761352539e+00
1.839089870452880859e+00
1.896668910980224609e+00
1.344908237457275391e+00
1.035274028778076172e+00
2.112905502319335938e+00
1.403749942779541016e+00
1.479036688804626465e+00
5.520111322402954102e-01
1.130981326103210449e+00
5.274689793586730957e-01
1.780641674995422363e+00
4.912853837013244629e-01
1.643678188323974609e+00
1.580420136451721191e+00
1.531760454177856445e+00
1.873643755912780762e+00
1.268929958343505859e+00
1.395824074745178223e+00
1.505186796188354492e+00
4.839911460876464844e-01
1.905752062797546387e+00
1.444870829582214355e+00
1.681918621063232422e+00
1.282568097114562988e+00
5.302647352218627930e-01
1.336739897727966309e+00
1.659300088882446289e+00
1.851246953010559082e+00
1.475545167922973633e+00
5.210120081901550293e-01
1.824156880378723145e+00
1.747673034667968750e+00
1.193832874298095703e+00
7.153267860412597656e-01
1.464869022369384766e+00
1.830580234527587891e+00
1.776817798614501953e+00
1.966042399406433105e+00
1.588545441627502441e+00
1.847876667976379395e+00
1.664105296134948730e+00
1.637881875038146973e+00
1.419475913047790527e+00
6.338480710983276367e-01
1.940258264541625977e+00
1.580439090728759766e+00
6.763772964477539062e-01
1.246820211410522461e+00
1.561909794807434082e+00
1.256548166275024414e+00
1.106055736541748047e+00
1.464027523994445801e+00
1.135428190231323242e+00
1.600279092788696289e+00
2.087018489837646484e+00
1.431123018264770508e+00
1.568423867225646973e+00
1.962656259536743164e+00
5.397218465805053711e-01
1.937242031097412109e+00
6.894301176071166992e-01
1.442826986312866211e+00
1.661179542541503906e+00
1.710625171661376953e+00
1.442424178123474121e+00
2.123437404632568359e+00
1.723400115966796875e+00
2.047191619873046875e+00
1.443488717079162598e+00
1.315412759780883789e+00
1.768768429756164551e+00
2.022969961166381836e+00
2.118556737899780273e+00
1.592425823211669922e+00
1.744009971618652344e+00
1.779737472534179688e+00
1.108667850494384766e+00
1.554858922958374023e+00
1.259558439254760742e+00
1.483941674232482910e+00
1.454766035079956055e+00
8.961591720581054688e-01
1.467895984649658203e+00
1.867942214012145996e+00
1.725740790367126465e+00
1.705865383148193359e+00
1.897826790809631348e+00
1.897826790809631348e+00
1.541239380836486816e+00
1.576682686805725098e+00
1.771062374114990234e+00
1.942687511444091797e+00
1.671582102775573730e+00
1.372059345245361328e+00
2.398456573486328125e+00
1.779506683349609375e+00
1.135215520858764648e+00
6.943814754486083984e-01
1.629604816436767578e+00
1.970184087753295898e+00
6.467830538749694824e-01
1.786931753158569336e+00
1.713326334953308105e+00
2.065168380737304688e+00
1.850074648857116699e+00
1.585695028305053711e+00
1.517910361289978027e+00
1.621842384338378906e+00
1.356629967689514160e+00
1.692177891731262207e+00
2.145518541336059570e+00
1.997857213020324707e+00
1.490396618843078613e+00
1.978682518005371094e+00
2.106099128723144531e+00
1.493125081062316895e+00
5.374583601951599121e-01
1.579695701599121094e+00
1.721302628517150879e+00
1.668923139572143555e+00
1.656289100646972656e+00
1.569735765457153320e+00
5.994082093238830566e-01
1.799701213836669922e+00
1.884846210479736328e+00
2.421367406845092773e+00
1.504273414611816406e+00
1.634927272796630859e+00
2.031604290008544922e+00
1.983876466751098633e+00
2.010906934738159180e+00
5.579317212104797363e-01
1.945154905319213867e+00
1.859750270843505859e+00
1.987357378005981445e+00
1.395837783813476562e+00
1.389545083045959473e+00
2.030395746231079102e+00
2.101777315139770508e+00
1.876969099044799805e+00
1.876969099044799805e+00
2.021895170211791992e+00
1.968084335327148438e+00
1.932131648063659668e+00
1.525693178176879883e+00
1.001835823059082031e+00
1.878587603569030762e+00
1.970213413238525391e+00
1.313030719757080078e+00
1.695599436759948730e+00
4.568142890930175781e-01
1.980369448661804199e+00
1.667162060737609863e+00
1.667162060737609863e+00
1.867662191390991211e+00
1.867662191390991211e+00
1.624558925628662109e+00
1.074784874916076660e+00
1.515824556350708008e+00
2.012508392333984375e+00
1.841182708740234375e+00
2.140498399734497070e+00
5.125249624252319336e-01
1.633493304252624512e+00
2.290666103363037109e+00
1.544403791427612305e+00
1.800643920898437500e+00
1.557226777076721191e+00
1.613563776016235352e+00
1.741810798645019531e+00
2.063427209854125977e+00
1.562556505203247070e+00
1.296426415443420410e+00
1.701339483261108398e+00
1.339127898216247559e+00
1.889403343200683594e+00
1.593277692794799805e+00
1.559319496154785156e+00
1.607534646987915039e+00
2.029361009597778320e+00
1.931733608245849609e+00
1.161399245262145996e+00
1.722588539123535156e+00
1.727654099464416504e+00
1.563761353492736816e+00
2.036184310913085938e+00
6.420862674713134766e-01
1.746001005172729492e+00
1.635447621345520020e+00
1.092365503311157227e+00
1.572322726249694824e+00
1.581708192825317383e+00
1.624225497245788574e+00
1.651742935180664062e+00
1.666886448860168457e+00
1.678542494773864746e+00
2.201003551483154297e+00
1.586466431617736816e+00
1.742929935455322266e+00
1.995834827423095703e+00
1.588940739631652832e+00
1.601755499839782715e+00
1.334757566452026367e+00
1.593584299087524414e+00
1.798871397972106934e+00
1.715393185615539551e+00
1.446395754814147949e+00
1.686171174049377441e+00
7.161207199096679688e-01
1.626327395439147949e+00
1.607510328292846680e+00
1.709556818008422852e+00
1.962923288345336914e+00
1.665188074111938477e+00
1.536695480346679688e+00
1.971118330955505371e+00
1.667156577110290527e+00
1.780083179473876953e+00
1.672886848449707031e+00
1.857842683792114258e+00
1.655260205268859863e+00
8.129263520240783691e-01
1.896512746810913086e+00
1.691159486770629883e+00
1.799800753593444824e+00
1.976982951164245605e+00
2.097714662551879883e+00
1.392860174179077148e+00
7.231786251068115234e-01
2.013158798217773438e+00
1.313874363899230957e+00
6.160151958465576172e-01
1.402389287948608398e+00
1.984095573425292969e+00
1.589576959609985352e+00
2.055447101593017578e+00
1.913605332374572754e+00
1.892679214477539062e+00
1.425081491470336914e+00
1.594266057014465332e+00
2.278817892074584961e+00
1.674227237701416016e+00
1.730669617652893066e+00
2.270835638046264648e+00
2.207539796829223633e+00
1.789431810379028320e+00
1.664078593254089355e+00
2.232587575912475586e+00
1.817419648170471191e+00
2.087269783020019531e+00
1.656192779541015625e+00
1.931602954864501953e+00
7.208992838859558105e-01
1.813194274902343750e+00
1.976389884948730469e+00
1.695733308792114258e+00
2.011838912963867188e+00
1.679054498672485352e+00
1.786160945892333984e+00
2.242449283599853516e+00
1.508311748504638672e+00
1.811373829841613770e+00
1.831419587135314941e+00
1.685188055038452148e+00
1.701612114906311035e+00
2.654168128967285156e+00
2.166287422180175781e+00
1.172924995422363281e+00
2.079011440277099609e+00
1.415284633636474609e+00
1.876272439956665039e+00
2.273492097854614258e+00
2.223196268081665039e+00
2.272736072540283203e+00
2.636457204818725586e+00
2.240136623382568359e+00
1.855060219764709473e+00
2.009673595428466797e+00
1.709886550903320312e+00
2.110762596130371094e+00
1.754441022872924805e+00
2.207691907882690430e+00
1.779531955718994141e+00
2.232865571975708008e+00
2.167780876159667969e+00
1.777582645416259766e+00
1.849705696105957031e+00
1.720802068710327148e+00
1.839207649230957031e+00
2.366299152374267578e+00
2.167929887771606445e+00
3.025547981262207031e+00
1.946639776229858398e+00
1.620254397392272949e+00
1.828289151191711426e+00
1.239380359649658203e+00
5.136400461196899414e-01
1.707465410232543945e+00
1.701414227485656738e+00
2.180092334747314453e+00
2.329111099243164062e+00
1.777717590332031250e+00
1.808005571365356445e+00
1.840353131294250488e+00
1.657531619071960449e+00
1.030445575714111328e+00
1.464532732963562012e+00
2.354780912399291992e+00
1.795685172080993652e+00
2.089374780654907227e+00
2.096805572509765625e+00
2.704215049743652344e+00
1.652694821357727051e+00
1.875348567962646484e+00
2.341646909713745117e+00
2.266802072525024414e+00
2.110104084014892578e+00
1.723785638809204102e+00
1.935876727104187012e+00
1.871677637100219727e+00
6.848278045654296875e-01
2.091281414031982422e+00
1.749224424362182617e+00
2.558364391326904297e+00
2.046554327011108398e+00
2.203794717788696289e+00
1.752928256988525391e+00
1.738801598548889160e+00
2.381299734115600586e+00
2.030021667480468750e+00
1.789859414100646973e+00
1.737624645233154297e+00
1.743625760078430176e+00
1.463568687438964844e+00
2.083374023437500000e+00
2.280304431915283203e+00
1.842545747756958008e+00
1.686699390411376953e+00
1.757283329963684082e+00
1.866246938705444336e+00
2.590019941329956055e+00
2.072322130203247070e+00
1.982804656028747559e+00
2.074861764907836914e+00
1.955827474594116211e+00
2.170902490615844727e+00
2.240973234176635742e+00
1.948286414146423340e+00
2.019398450851440430e+00
1.896432042121887207e+00
2.151935815811157227e+00
1.821328282356262207e+00
8.785789012908935547e-01
1.783747076988220215e+00
1.762376308441162109e+00
8.492086529731750488e-01
2.179650306701660156e+00
1.790145874023437500e+00
2.097957372665405273e+00
1.267992734909057617e+00
2.193549156188964844e+00
1.866470336914062500e+00
2.010228395462036133e+00
2.148860692977905273e+00
2.284884214401245117e+00
2.021056652069091797e+00
1.839737176895141602e+00
1.880450129508972168e+00
2.290588140487670898e+00
1.914500594139099121e+00
2.091376066207885742e+00
1.936243891716003418e+00
1.419104814529418945e+00
1.843432426452636719e+00
1.878446817398071289e+00
1.818946719169616699e+00
1.719802379608154297e+00
1.801859140396118164e+00
1.932397603988647461e+00
2.537220001220703125e+00
2.298432350158691406e+00
1.809028625488281250e+00
2.573958158493041992e+00
1.704339385032653809e+00
2.268595218658447266e+00
2.309895515441894531e+00
1.913616180419921875e+00
2.050258398056030273e+00
2.115487098693847656e+00
7.531596422195434570e-01
1.910786628723144531e+00
1.873637914657592773e+00
1.889454483985900879e+00
2.258104562759399414e+00
1.970118999481201172e+00
1.850201845169067383e+00
1.959976434707641602e+00
1.836736321449279785e+00
2.104351997375488281e+00
1.847848892211914062e+00
1.861273288726806641e+00
2.165587425231933594e+00
1.858536958694458008e+00
2.119162797927856445e+00
1.966699719429016113e+00
1.866862773895263672e+00
2.164379596710205078e+00
1.637768507003784180e+00
1.525703072547912598e+00
1.906132340431213379e+00
1.311389684677124023e+00
1.478017091751098633e+00
3.137300252914428711e+00
2.029963254928588867e+00
2.195377588272094727e+00
1.863938331604003906e+00
1.968783020973205566e+00
2.081764221191406250e+00
1.889434099197387695e+00
1.892538785934448242e+00
1.887091994285583496e+00
1.784886121749877930e+00
2.417972564697265625e+00
1.896000862121582031e+00
2.265939712524414062e+00
1.494269251823425293e+00
3.231048107147216797e+00
1.885499835014343262e+00
2.006675720214843750e+00
2.010313510894775391e+00
2.110327243804931641e+00
1.927602410316467285e+00
1.930829286575317383e+00
2.289690017700195312e+00
1.513732314109802246e+00
2.081583976745605469e+00
1.897721886634826660e+00
1.915440082550048828e+00
2.589637994766235352e+00
1.903273940086364746e+00
1.962878108024597168e+00
2.004982709884643555e+00
2.716228008270263672e+00
1.906927943229675293e+00
2.026947021484375000e+00
2.394771337509155273e+00
2.582167625427246094e+00
1.689069867134094238e+00
2.013228178024291992e+00
1.790293097496032715e+00
1.964071989059448242e+00
3.154975175857543945e+00
1.978028297424316406e+00
2.318400144577026367e+00
1.914077758789062500e+00
2.527805805206298828e+00
2.312903642654418945e+00
2.295724630355834961e+00
2.322146177291870117e+00
1.885730266571044922e+00
2.240169763565063477e+00
2.090657234191894531e+00
2.000832796096801758e+00
1.970012903213500977e+00
1.904523611068725586e+00
1.860194206237792969e+00
2.490286350250244141e+00
1.961732387542724609e+00
2.275332450866699219e+00
2.705652236938476562e+00
1.956108927726745605e+00
2.067038774490356445e+00
2.032477378845214844e+00
2.627565145492553711e+00
2.417092084884643555e+00
2.010215282440185547e+00
2.325757503509521484e+00
2.061470508575439453e+00
2.029363632202148438e+00
1.881105661392211914e+00
1.999906539916992188e+00
1.953465819358825684e+00
1.945255637168884277e+00
2.082952737808227539e+00
2.393349647521972656e+00
1.324137568473815918e+00
2.234021425247192383e+00
2.231493473052978516e+00
2.092577695846557617e+00
2.379636764526367188e+00
2.056041479110717773e+00
2.532106876373291016e+00
2.113887071609497070e+00
1.978701710700988770e+00
2.772079944610595703e+00
2.143166780471801758e+00
1.989084720611572266e+00
2.017526149749755859e+00
1.991010665893554688e+00
2.260197877883911133e+00
1.840842604637145996e+00
2.113105058670043945e+00
1.892284989356994629e+00
2.193261861801147461e+00
1.979977369308471680e+00
1.994705677032470703e+00
2.650056838989257812e+00
2.023087501525878906e+00
1.662484765052795410e+00
1.829028725624084473e+00
2.383935213088989258e+00
2.105400800704956055e+00
1.838382959365844727e+00
2.252163887023925781e+00
2.051692247390747070e+00
2.444483757019042969e+00
2.088416099548339844e+00
2.389360666275024414e+00
2.013707876205444336e+00
2.015330314636230469e+00
2.114632606506347656e+00
1.956512928009033203e+00
2.340356349945068359e+00
2.597085952758789062e+00
2.186496257781982422e+00
2.186496257781982422e+00
2.019724369049072266e+00
2.020268917083740234e+00
1.998540043830871582e+00
2.141013622283935547e+00
2.644483089447021484e+00
2.278137922286987305e+00
2.834250688552856445e+00
1.966883659362792969e+00
2.429170131683349609e+00
2.076482295989990234e+00
2.194305419921875000e+00
2.827608108520507812e+00
2.458067655563354492e+00
2.032763242721557617e+00
2.040114402770996094e+00
2.255125999450683594e+00
2.041080951690673828e+00
2.185034275054931641e+00
2.161309719085693359e+00
2.158034086227416992e+00
2.202225208282470703e+00
3.271378755569458008e+00
2.066970348358154297e+00
2.086275100708007812e+00
2.400497198104858398e+00
2.035491228103637695e+00
2.672165155410766602e+00
2.161746025085449219e+00
2.182170867919921875e+00
2.022189855575561523e+00
2.366387844085693359e+00
2.047836780548095703e+00
1.978939533233642578e+00
2.885400056838989258e+00
3.677044868469238281e+00
2.048434257507324219e+00
2.109740495681762695e+00
2.256748676300048828e+00
2.212897062301635742e+00
2.066242694854736328e+00
3.050859451293945312e+00
2.084557771682739258e+00
2.227476835250854492e+00
1.941474318504333496e+00
2.058784723281860352e+00
2.077242374420166016e+00
2.330740451812744141e+00
2.259749412536621094e+00
2.798275947570800781e+00
2.071225881576538086e+00
2.396246433258056641e+00
2.562357187271118164e+00
2.140162944793701172e+00
2.262748479843139648e+00
2.089058876037597656e+00
2.086377382278442383e+00
2.086665868759155273e+00
2.375364542007446289e+00
2.535120248794555664e+00
2.193910837173461914e+00
2.775228977203369141e+00
2.085837125778198242e+00
1.996094107627868652e+00
2.115475416183471680e+00
2.310822486877441406e+00
2.419309139251708984e+00
2.217194795608520508e+00
2.100442409515380859e+00
2.672337532043457031e+00
2.331663608551025391e+00
2.184368610382080078e+00
2.126679182052612305e+00
2.237484216690063477e+00
2.104108333587646484e+00
1.816388845443725586e+00
2.162190675735473633e+00
2.765236139297485352e+00
2.217481613159179688e+00
2.173290014266967773e+00
2.361090183258056641e+00
2.457344293594360352e+00
2.219047307968139648e+00
2.179136037826538086e+00
2.864867925643920898e+00
9.223421812057495117e-01
2.222469329833984375e+00
1.988360166549682617e+00
2.445931911468505859e+00
2.147623062133789062e+00
2.556040287017822266e+00
2.401357889175415039e+00
2.645216464996337891e+00
2.240403413772583008e+00
2.507692337036132812e+00
2.252661943435668945e+00
2.124070405960083008e+00
2.135020017623901367e+00
2.732829093933105469e+00
2.255644083023071289e+00
2.185410499572753906e+00
2.656319141387939453e+00
2.868129253387451172e+00
2.391092061996459961e+00
2.146612405776977539e+00
2.126618385314941406e+00
2.521178722381591797e+00
2.160327434539794922e+00
2.248723506927490234e+00
2.076963186264038086e+00
2.250912189483642578e+00
2.691854953765869141e+00
2.146204233169555664e+00
2.154461383819580078e+00
2.812196493148803711e+00
2.599204778671264648e+00
2.162170648574829102e+00
2.484745264053344727e+00
1.921013474464416504e+00
2.463982105255126953e+00
2.212528467178344727e+00
2.385173320770263672e+00
2.352520942687988281e+00
2.594435930252075195e+00
2.185853719711303711e+00
2.054461240768432617e+00
2.186506509780883789e+00
2.964971542358398438e+00
2.183216571807861328e+00
2.297712564468383789e+00
2.194992065429687500e+00
2.262284517288208008e+00
1.892308115959167480e+00
2.396692991256713867e+00
2.036178112030029297e+00
2.723000526428222656e+00
2.281541347503662109e+00
2.140388727188110352e+00
2.439873933792114258e+00
1.944892287254333496e+00
2.244594097137451172e+00
2.196370840072631836e+00
2.576092481613159180e+00
2.243072986602783203e+00
1.986898422241210938e+00
2.306107759475708008e+00
2.602072238922119141e+00
2.022579193115234375e+00
2.708843231201171875e+00
1.912421345710754395e+00
2.308775186538696289e+00
2.214993953704833984e+00
2.036119222640991211e+00
2.984037876129150391e+00
2.643303871154785156e+00
2.909524917602539062e+00
2.347343921661376953e+00
2.383136272430419922e+00
2.580287218093872070e+00
2.450653314590454102e+00
2.227811813354492188e+00
2.546545982360839844e+00
2.487436771392822266e+00
2.230413675308227539e+00
2.418152093887329102e+00
2.286350965499877930e+00
2.218195915222167969e+00
2.232829332351684570e+00
2.256299018859863281e+00
2.947207927703857422e+00
2.074884176254272461e+00
2.350720405578613281e+00
2.241603851318359375e+00
2.936393976211547852e+00
2.161868810653686523e+00
2.248419046401977539e+00
2.248347282409667969e+00
2.534907341003417969e+00
2.978364229202270508e+00
2.457653522491455078e+00
2.104020357131958008e+00
2.145875215530395508e+00
2.249131917953491211e+00
2.858261823654174805e+00
1.978934526443481445e+00
2.820766210556030273e+00
2.463258028030395508e+00
2.525059223175048828e+00
2.302775382995605469e+00
2.589474439620971680e+00
2.266715288162231445e+00
2.134451627731323242e+00
2.229378461837768555e+00
2.374888420104980469e+00
2.262681245803833008e+00
2.360555410385131836e+00
2.394694805145263672e+00
2.151171684265136719e+00
2.119009733200073242e+00
2.815969705581665039e+00
2.455726146697998047e+00
2.247410297393798828e+00
2.778990268707275391e+00
2.278424263000488281e+00
2.280932426452636719e+00
2.296107292175292969e+00
2.319910287857055664e+00
2.437998533248901367e+00
2.374158382415771484e+00
2.759767055511474609e+00
2.401238679885864258e+00
2.053783655166625977e+00
2.269946336746215820e+00
1.838378667831420898e+00
2.946997165679931641e+00
2.402553558349609375e+00
2.293467283248901367e+00
2.618172645568847656e+00
2.617070913314819336e+00
2.295115470886230469e+00
2.643706083297729492e+00
2.317803382873535156e+00
1.762301802635192871e+00
2.802769422531127930e+00
4.683157444000244141e+00
2.455886602401733398e+00
2.512233257293701172e+00
2.836009740829467773e+00
2.308276653289794922e+00
3.169513940811157227e+00
2.389182567596435547e+00
2.310695171356201172e+00
2.183733463287353516e+00
2.130184888839721680e+00
2.316144466400146484e+00
2.448910236358642578e+00
2.372418880462646484e+00
3.403902053833007812e+00
2.535464763641357422e+00
2.382291555404663086e+00
2.383671283721923828e+00
2.271461725234985352e+00
2.333683967590332031e+00
2.588742256164550781e+00
2.300799846649169922e+00
3.367164611816406250e+00
2.792815685272216797e+00
2.337646961212158203e+00
2.397765398025512695e+00
2.299109697341918945e+00
2.395989179611206055e+00
2.197494268417358398e+00
2.563448667526245117e+00
3.009445667266845703e+00
2.323179721832275391e+00
3.266474962234497070e+00
2.273646116256713867e+00
2.403915166854858398e+00
2.334715366363525391e+00
2.353042602539062500e+00
2.340390205383300781e+00
2.548922538757324219e+00
2.566742897033691406e+00
3.079412460327148438e+00
2.336896657943725586e+00
2.771088838577270508e+00
2.363123893737792969e+00
2.539238452911376953e+00
2.349053859710693359e+00
2.486155986785888672e+00
2.354442596435546875e+00
2.371184349060058594e+00
2.237473249435424805e+00
2.391171455383300781e+00
2.247545242309570312e+00
2.375187158584594727e+00
2.429711341857910156e+00
2.210447311401367188e+00
2.833783149719238281e+00
2.402875423431396484e+00
2.411378622055053711e+00
2.429944515228271484e+00
2.383674621582031250e+00
2.575610399246215820e+00
3.021645545959472656e+00
2.390339374542236328e+00
2.390604496002197266e+00
2.420260429382324219e+00
2.457513093948364258e+00
2.492267131805419922e+00
2.373283863067626953e+00
2.392003536224365234e+00
2.392414093017578125e+00
2.561286926269531250e+00
2.700447082519531250e+00
3.981616497039794922e+00
2.576451539993286133e+00
2.401294231414794922e+00
2.285620450973510742e+00
2.718048334121704102e+00
3.273381233215332031e+00
2.594093799591064453e+00
2.547668218612670898e+00
2.406180858612060547e+00
2.488963842391967773e+00
2.527636289596557617e+00
2.293820381164550781e+00
2.621748447418212891e+00
2.528954029083251953e+00
2.716810941696166992e+00
2.570927143096923828e+00
2.491982460021972656e+00
2.422333955764770508e+00
3.075498342514038086e+00
2.810737609863281250e+00
2.528546571731567383e+00
2.467918395996093750e+00
3.199535846710205078e+00
2.441238164901733398e+00
2.874935865402221680e+00
2.453722953796386719e+00
2.435915470123291016e+00
2.739047288894653320e+00
3.034783601760864258e+00
2.531482696533203125e+00
2.473028898239135742e+00
2.440907001495361328e+00
2.901128768920898438e+00
2.560894489288330078e+00
2.857750654220581055e+00
2.480457544326782227e+00
2.397516727447509766e+00
2.450430393218994141e+00
1.787431955337524414e+00
2.635468959808349609e+00
2.635468959808349609e+00
2.459687232971191406e+00
2.457124233245849609e+00
2.565340042114257812e+00
3.150941848754882812e+00
2.295635461807250977e+00
2.498605728149414062e+00
2.380234003067016602e+00
3.025505542755126953e+00
2.804168462753295898e+00
2.449033498764038086e+00
2.844214916229248047e+00
2.566974878311157227e+00
2.795637130737304688e+00
2.486826181411743164e+00
2.396601676940917969e+00
2.604548931121826172e+00
2.628660917282104492e+00
2.569365262985229492e+00
2.974099397659301758e+00
2.478704452514648438e+00
2.847091197967529297e+00
2.487430810928344727e+00
2.467047214508056641e+00
2.488035202026367188e+00
2.494546413421630859e+00
2.497930765151977539e+00
2.492062568664550781e+00
2.776645421981811523e+00
2.863952159881591797e+00
2.156349658966064453e+00
2.499126911163330078e+00
2.518698692321777344e+00
2.710938453674316406e+00
2.503334522247314453e+00
2.525130987167358398e+00
2.198728322982788086e+00
2.742973804473876953e+00
2.557170391082763672e+00
2.697685241699218750e+00
2.525655746459960938e+00
2.661461114883422852e+00
2.575990438461303711e+00
2.991369724273681641e+00
2.510901927947998047e+00
3.264418601989746094e+00
2.657298088073730469e+00
2.684429645538330078e+00
2.634363174438476562e+00
2.513455390930175781e+00
3.511464834213256836e+00
2.519041061401367188e+00
2.538305759429931641e+00
2.521495342254638672e+00
3.560804843902587891e+00
2.524119853973388672e+00
2.557435035705566406e+00
2.806607007980346680e+00
2.477034568786621094e+00
2.627258300781250000e+00
2.559497833251953125e+00
2.581909418106079102e+00
2.581909418106079102e+00
2.581909418106079102e+00
2.705646038055419922e+00
2.950260877609252930e+00
2.716780185699462891e+00
2.568996906280517578e+00
3.143211841583251953e+00
2.551743507385253906e+00
3.507599830627441406e+00
2.704401731491088867e+00
2.704401731491088867e+00
2.541051864624023438e+00
2.510399580001831055e+00
2.763024568557739258e+00
2.543746948242187500e+00
3.375511407852172852e+00
3.153370380401611328e+00
2.518759727478027344e+00
2.692675828933715820e+00
3.007350921630859375e+00
2.817960023880004883e+00
2.522702693939208984e+00
2.698066711425781250e+00
2.969791412353515625e+00
2.653846025466918945e+00
2.595994234085083008e+00
