1.000000000000000000e+00 1.999598979949951172e+00
2.800000000000000000e+01 4.026860594749450684e-01
4.700000000000000000e+01 1.728668212890625000e+00
4.900000000000000000e+01 7.025666236877441406e-01
5.600000000000000000e+01 6.565802097320556641e-01
7.000000000000000000e+01 8.587026000022888184e-01
7.800000000000000000e+01 6.843090057373046875e-02
7.900000000000000000e+01 1.932888746261596680e+00
9.700000000000000000e+01 1.790341734886169434e+00
1.020000000000000000e+02 1.426076292991638184e+00
1.030000000000000000e+02 6.876091361045837402e-01
1.070000000000000000e+02 1.726941585540771484e+00
1.110000000000000000e+02 2.352797985076904297e-02
1.140000000000000000e+02 4.625669717788696289e-01
1.160000000000000000e+02 2.692058086395263672e+00
1.180000000000000000e+02 2.006814956665039062e+00
1.240000000000000000e+02 1.727079629898071289e+00
1.290000000000000000e+02 1.110767126083374023e+00
1.500000000000000000e+02 9.481663107872009277e-01
1.610000000000000000e+02 1.400611400604248047e-01
1.830000000000000000e+02 1.074921131134033203e+00
1.840000000000000000e+02 2.944830417633056641e+00
1.960000000000000000e+02 5.084496736526489258e-01
1.990000000000000000e+02 3.512130022048950195e+00
2.100000000000000000e+02 6.056569814682006836e-01
2.180000000000000000e+02 1.370542764663696289e+00
2.240000000000000000e+02 6.558257341384887695e-02
2.330000000000000000e+02 3.771469593048095703e+00
2.390000000000000000e+02 5.100228786468505859e-01
2.450000000000000000e+02 1.557712793350219727e+00
2.560000000000000000e+02 3.334772348403930664e+00
2.610000000000000000e+02 5.087612867355346680e-01
2.750000000000000000e+02 9.592958688735961914e-01
3.130000000000000000e+02 5.623276829719543457e-01
3.210000000000000000e+02 4.278760910034179688e+00
3.370000000000000000e+02 4.472709178924560547e+00
3.410000000000000000e+02 1.096256971359252930e-01
3.520000000000000000e+02 2.159604549407958984e+00
3.680000000000000000e+02 5.467877984046936035e-01
3.740000000000000000e+02 1.362131476402282715e+00
3.950000000000000000e+02 4.978015422821044922e-01
4.000000000000000000e+02 4.190571784973144531e+00
4.190000000000000000e+02 6.197041869163513184e-01
4.240000000000000000e+02 6.385142207145690918e-01
4.460000000000000000e+02 9.423791766166687012e-01
4.560000000000000000e+02 3.118090629577636719e-01
4.600000000000000000e+02 2.387163043022155762e-01
4.760000000000000000e+02 1.898448824882507324e+00
4.840000000000000000e+02 1.440196633338928223e+00
4.910000000000000000e+02 3.483767509460449219e-01
5.080000000000000000e+02 9.316359758377075195e-01
5.090000000000000000e+02 1.097989082336425781e+00
5.120000000000000000e+02 6.883454322814941406e-01
5.130000000000000000e+02 2.812759280204772949e-01
5.160000000000000000e+02 1.337481379508972168e+00
5.440000000000000000e+02 3.658433914184570312e+00
5.460000000000000000e+02 6.676155924797058105e-01
5.560000000000000000e+02 3.692644238471984863e-01
5.640000000000000000e+02 4.023382663726806641e-01
5.680000000000000000e+02 1.106999397277832031e+00
5.780000000000000000e+02 1.246203899383544922e+00
5.830000000000000000e+02 2.470655441284179688e+00
5.860000000000000000e+02 6.002300977706909180e-01
5.890000000000000000e+02 1.180431008338928223e+00
6.020000000000000000e+02 9.287188053131103516e-01
6.040000000000000000e+02 2.116815567016601562e+00
6.110000000000000000e+02 8.344117403030395508e-01
6.320000000000000000e+02 2.905789852142333984e+00
6.470000000000000000e+02 7.415075898170471191e-01
6.560000000000000000e+02 1.360172510147094727e+00
6.810000000000000000e+02 2.019653558731079102e+00
6.850000000000000000e+02 6.756781935691833496e-01
6.980000000000000000e+02 8.671353459358215332e-01
7.030000000000000000e+02 1.764373779296875000e-01
7.040000000000000000e+02 2.692348718643188477e+00
7.280000000000000000e+02 1.265029549598693848e+00
7.450000000000000000e+02 8.369663357734680176e-01
7.500000000000000000e+02 1.019395828247070312e+00
7.760000000000000000e+02 2.805157661437988281e+00
7.800000000000000000e+02 1.221567392349243164e-01
7.870000000000000000e+02 2.292843461036682129e-01
7.930000000000000000e+02 1.210779547691345215e-01
8.090000000000000000e+02 1.272282958030700684e+00
8.340000000000000000e+02 9.880850911140441895e-01
8.450000000000000000e+02 2.771139144897460938e-03
8.520000000000000000e+02 1.386863231658935547e+00
8.530000000000000000e+02 6.674085855484008789e-01
8.560000000000000000e+02 2.211502075195312500e+00
8.600000000000000000e+02 2.169419765472412109e+00
8.620000000000000000e+02 1.447766542434692383e+00
8.820000000000000000e+02 8.041514754295349121e-01
8.850000000000000000e+02 2.108348608016967773e+00
8.880000000000000000e+02 1.308115005493164062e+00
8.890000000000000000e+02 9.752462506294250488e-01
8.920000000000000000e+02 7.544255852699279785e-01
8.950000000000000000e+02 3.795518398284912109e+00
9.020000000000000000e+02 1.590136766433715820e+00
9.130000000000000000e+02 9.186841249465942383e-01
9.170000000000000000e+02 2.377655029296875000e+00
9.270000000000000000e+02 5.574527978897094727e-01
9.320000000000000000e+02 5.320701599121093750e-01
9.410000000000000000e+02 2.406383514404296875e+00
9.540000000000000000e+02 1.720455288887023926e-01
9.560000000000000000e+02 3.583597660064697266e+00
9.730000000000000000e+02 5.629094839096069336e-01
9.880000000000000000e+02 3.002225875854492188e+00
9.900000000000000000e+02 1.878827214241027832e+00
1.020000000000000000e+03 3.266984224319458008e-02
1.023000000000000000e+03 1.299719810485839844e+00
1.024000000000000000e+03 1.706806898117065430e+00
1.025000000000000000e+03 2.949630022048950195e+00
1.027000000000000000e+03 1.053337812423706055e+00
1.036000000000000000e+03 4.723686575889587402e-01
1.042000000000000000e+03 1.703688979148864746e+00
1.043000000000000000e+03 2.504527568817138672e-02
1.050000000000000000e+03 5.334793329238891602e-01
1.071000000000000000e+03 1.146727681159973145e+00
1.072000000000000000e+03 1.957488059997558594e+00
1.084000000000000000e+03 8.020018339157104492e-01
1.088000000000000000e+03 6.200826168060302734e-01
1.116000000000000000e+03 3.953840970993041992e+00
1.119000000000000000e+03 3.085994958877563477e+00
1.120000000000000000e+03 4.491612911224365234e-01
1.122000000000000000e+03 2.229012012481689453e+00
1.133000000000000000e+03 7.876622676849365234e-01
1.139000000000000000e+03 6.656807661056518555e-01
1.144000000000000000e+03 1.903872489929199219e-01
1.156000000000000000e+03 2.547533750534057617e+00
1.158000000000000000e+03 1.653597116470336914e+00
1.171000000000000000e+03 1.507428884506225586e+00
1.175000000000000000e+03 2.009500503540039062e+00
1.180000000000000000e+03 1.705013751983642578e+00
1.192000000000000000e+03 7.399178147315979004e-01
1.194000000000000000e+03 9.186466336250305176e-01
1.208000000000000000e+03 1.366812467575073242e+00
1.226000000000000000e+03 6.899290680885314941e-01
1.242000000000000000e+03 1.239924192428588867e+00
1.252000000000000000e+03 2.746803045272827148e+00
1.254000000000000000e+03 6.591539978981018066e-01
1.257000000000000000e+03 8.089889287948608398e-01
1.265000000000000000e+03 1.147415280342102051e+00
1.268000000000000000e+03 1.359322309494018555e+00
1.301000000000000000e+03 1.241861343383789062e+00
1.305000000000000000e+03 5.941237211227416992e-01
1.312000000000000000e+03 1.886777758598327637e+00
1.318000000000000000e+03 2.301831245422363281e+00
1.355000000000000000e+03 3.927368521690368652e-01
1.358000000000000000e+03 5.348759889602661133e-02
1.359000000000000000e+03 3.855956792831420898e-01
1.367000000000000000e+03 1.256086826324462891e+00
1.372000000000000000e+03 1.728131651878356934e+00
1.382000000000000000e+03 2.841144800186157227e-01
1.391000000000000000e+03 5.496870279312133789e-01
1.405000000000000000e+03 2.771081686019897461e+00
1.407000000000000000e+03 8.426356911659240723e-01
1.411000000000000000e+03 6.901457309722900391e-01
1.414000000000000000e+03 3.595908641815185547e+00
1.416000000000000000e+03 3.492289781570434570e-02
1.421000000000000000e+03 2.977587580680847168e-01
1.424000000000000000e+03 2.251415491104125977e+00
1.440000000000000000e+03 4.796609282493591309e-01
1.469000000000000000e+03 4.344841241836547852e-01
1.475000000000000000e+03 4.432559013366699219e-01
1.490000000000000000e+03 4.691610932350158691e-01
1.492000000000000000e+03 1.217586994171142578e-01
1.496000000000000000e+03 1.316426992416381836e-01
1.507000000000000000e+03 3.662570118904113770e-01
1.514000000000000000e+03 1.073104977607727051e+00
1.520000000000000000e+03 3.551027178764343262e-01
1.521000000000000000e+03 3.060139656066894531e+00
1.541000000000000000e+03 1.452342867851257324e-01
1.548000000000000000e+03 8.490275144577026367e-01
1.549000000000000000e+03 7.790027260780334473e-01
1.553000000000000000e+03 8.498482704162597656e-01
1.554000000000000000e+03 3.627957105636596680e-01
1.555000000000000000e+03 9.330624938011169434e-01
1.560000000000000000e+03 8.293224573135375977e-01
1.565000000000000000e+03 1.426333189010620117e-02
1.569000000000000000e+03 3.560811042785644531e+00
1.573000000000000000e+03 6.274688243865966797e-02
1.576000000000000000e+03 1.629328727722167969e-01
1.581000000000000000e+03 6.165446043014526367e-01
1.598000000000000000e+03 2.182239294052124023e-01
1.605000000000000000e+03 1.831724047660827637e-01
1.614000000000000000e+03 1.024312615394592285e+00
1.615000000000000000e+03 5.943242907524108887e-01
1.631000000000000000e+03 6.341937780380249023e-01
1.634000000000000000e+03 8.967743515968322754e-01
1.643000000000000000e+03 9.420877695083618164e-01
1.668000000000000000e+03 2.995407581329345703e+00
1.679000000000000000e+03 2.869416475296020508e-01
1.680000000000000000e+03 1.701939344406127930e+00
1.699000000000000000e+03 1.617040634155273438e+00
1.711000000000000000e+03 7.540074586868286133e-01
1.729000000000000000e+03 1.714861392974853516e-02
1.752000000000000000e+03 4.452403187751770020e-01
1.759000000000000000e+03 1.967270374298095703e+00
1.761000000000000000e+03 1.828511714935302734e+00
1.762000000000000000e+03 2.008066654205322266e+00
1.772000000000000000e+03 3.640283823013305664e+00
1.774000000000000000e+03 2.341255903244018555e+00
1.782000000000000000e+03 7.113728523254394531e-01
1.787000000000000000e+03 3.722237944602966309e-01
1.791000000000000000e+03 7.070002555847167969e-01
1.793000000000000000e+03 8.959640860557556152e-01
1.795000000000000000e+03 8.859003186225891113e-01
1.809000000000000000e+03 1.370392322540283203e+00
1.834000000000000000e+03 1.475044131278991699e+00
1.846000000000000000e+03 2.413065195083618164e+00
1.855000000000000000e+03 3.387078046798706055e-01
1.880000000000000000e+03 4.092803597450256348e-01
1.891000000000000000e+03 1.790320396423339844e+00
1.900000000000000000e+03 1.131603479385375977e+00
1.910000000000000000e+03 3.196417331695556641e+00
1.913000000000000000e+03 8.472393751144409180e-01
1.921000000000000000e+03 1.164853930473327637e+00
1.924000000000000000e+03 1.701337575912475586e+00
1.926000000000000000e+03 1.669243216514587402e+00
1.941000000000000000e+03 3.873999714851379395e-01
1.942000000000000000e+03 1.734223604202270508e+00
1.953000000000000000e+03 1.908973932266235352e+00
1.960000000000000000e+03 6.935247182846069336e-01
1.985000000000000000e+03 2.315352201461791992e+00
1.992000000000000000e+03 6.114547848701477051e-01
2.044000000000000000e+03 1.415641784667968750e+00
2.067000000000000000e+03 6.392639875411987305e-02
2.071000000000000000e+03 2.241495132446289062e+00
2.083000000000000000e+03 2.532935142517089844e+00
2.089000000000000000e+03 5.425779819488525391e-01
2.103000000000000000e+03 5.171987414360046387e-01
2.128000000000000000e+03 2.418688535690307617e-01
2.132000000000000000e+03 5.944569110870361328e-01
2.138000000000000000e+03 2.971550822257995605e-01
2.144000000000000000e+03 2.319459676742553711e+00
2.167000000000000000e+03 4.093211889266967773e-01
2.168000000000000000e+03 2.200834155082702637e-01
2.174000000000000000e+03 8.854739665985107422e-01
2.177000000000000000e+03 1.960235238075256348e-01
2.186000000000000000e+03 8.166471123695373535e-01
2.194000000000000000e+03 5.734748840332031250e-01
2.205000000000000000e+03 2.099372148513793945e+00
2.221000000000000000e+03 3.035610914230346680e-01
2.241000000000000000e+03 4.698736071586608887e-01
2.247000000000000000e+03 2.017472743988037109e+00
2.251000000000000000e+03 1.257450938224792480e+00
2.262000000000000000e+03 2.650975584983825684e-01
2.272000000000000000e+03 2.874523639678955078e+00
2.303000000000000000e+03 1.115930795669555664e+00
2.313000000000000000e+03 4.263298511505126953e-01
2.322000000000000000e+03 2.023605823516845703e+00
2.348000000000000000e+03 5.433053970336914062e-01
2.378000000000000000e+03 3.881198883056640625e+00
2.388000000000000000e+03 9.101339578628540039e-01
2.413000000000000000e+03 2.874984264373779297e+00
2.419000000000000000e+03 4.082813262939453125e-01
2.439000000000000000e+03 4.525847434997558594e-01
2.442000000000000000e+03 1.976928710937500000e+00
2.444000000000000000e+03 4.427759051322937012e-01
2.453000000000000000e+03 5.152105689048767090e-01
2.456000000000000000e+03 3.921308994293212891e+00
2.465000000000000000e+03 1.154528856277465820e-01
2.468000000000000000e+03 4.978476166725158691e-01
2.484000000000000000e+03 6.576263904571533203e-01
2.488000000000000000e+03 7.874138355255126953e-01
2.492000000000000000e+03 3.200232982635498047e+00
2.494000000000000000e+03 2.093679308891296387e-01
2.515000000000000000e+03 5.015262961387634277e-01
2.540000000000000000e+03 1.507388949394226074e-01
2.551000000000000000e+03 1.119659543037414551e-01
2.566000000000000000e+03 3.150175809860229492e-01
2.568000000000000000e+03 2.197767496109008789e-01
2.572000000000000000e+03 1.308924794197082520e+00
2.575000000000000000e+03 3.204281330108642578e-01
2.576000000000000000e+03 7.357621788978576660e-01
2.577000000000000000e+03 8.344203829765319824e-01
2.591000000000000000e+03 1.130880713462829590e-01
2.614000000000000000e+03 1.442401647567749023e+00
2.616000000000000000e+03 1.285228729248046875e+00
2.633000000000000000e+03 2.022480726242065430e+00
2.635000000000000000e+03 4.155016541481018066e-01
2.645000000000000000e+03 4.686648845672607422e+00
2.646000000000000000e+03 3.055035591125488281e+00
2.647000000000000000e+03 7.773100733757019043e-01
2.680000000000000000e+03 2.434108734130859375e+00
2.706000000000000000e+03 5.399143099784851074e-01
2.712000000000000000e+03 6.583962440490722656e-01
2.714000000000000000e+03 3.382061958312988281e+00
2.725000000000000000e+03 1.855597734451293945e+00
2.733000000000000000e+03 5.877786874771118164e-01
2.737000000000000000e+03 1.324717402458190918e-01
2.738000000000000000e+03 3.398150801658630371e-01
2.763000000000000000e+03 1.291456222534179688e+00
2.766000000000000000e+03 1.340011358261108398e-01
2.788000000000000000e+03 3.178761959075927734e+00
2.791000000000000000e+03 3.454384207725524902e-01
2.807000000000000000e+03 3.796920299530029297e+00
2.814000000000000000e+03 4.570670127868652344e-01
2.819000000000000000e+03 1.505392789840698242e+00
2.820000000000000000e+03 1.453519105911254883e+00
2.831000000000000000e+03 6.066424846649169922e-01
2.858000000000000000e+03 1.876051068305969238e+00
2.869000000000000000e+03 1.694150328636169434e+00
2.884000000000000000e+03 1.409073948860168457e+00
2.892000000000000000e+03 1.643046379089355469e+00
2.893000000000000000e+03 4.986062049865722656e-01
2.896000000000000000e+03 3.450615882873535156e+00
2.906000000000000000e+03 1.452359199523925781e+00
2.915000000000000000e+03 3.180810451507568359e+00
2.925000000000000000e+03 5.964059829711914062e-01
2.932000000000000000e+03 2.078681945800781250e+00
2.974000000000000000e+03 4.767885208129882812e-01
3.001000000000000000e+03 3.136833906173706055e+00
3.002000000000000000e+03 1.292726993560791016e-01
3.004000000000000000e+03 4.181030392646789551e-01
3.010000000000000000e+03 1.658436775207519531e+00
3.024000000000000000e+03 3.047638535499572754e-01
3.040000000000000000e+03 1.220008730888366699e-01
3.042000000000000000e+03 2.492088794708251953e+00
3.050000000000000000e+03 1.840877532958984375e-01
3.053000000000000000e+03 9.334808588027954102e-02
3.067000000000000000e+03 2.294278144836425781e-02
3.069000000000000000e+03 2.768743515014648438e+00
3.080000000000000000e+03 3.534756302833557129e-01
3.097000000000000000e+03 1.144145369529724121e+00
3.099000000000000000e+03 3.230648756027221680e+00
3.113000000000000000e+03 2.051386237144470215e-01
3.118000000000000000e+03 1.193147420883178711e+00
3.129000000000000000e+03 7.659975886344909668e-01
3.138000000000000000e+03 3.918125629425048828e-01
3.171000000000000000e+03 4.063748121261596680e-01
3.175000000000000000e+03 1.500437259674072266e+00
3.185000000000000000e+03 4.721623063087463379e-01
3.196000000000000000e+03 7.166272401809692383e-01
3.200000000000000000e+03 1.277412772178649902e-01
3.207000000000000000e+03 3.695669770240783691e-01
3.210000000000000000e+03 2.650290489196777344e+00
3.213000000000000000e+03 1.156166315078735352e+00
3.231000000000000000e+03 1.999951720237731934e+00
3.241000000000000000e+03 3.088086843490600586e-01
3.259000000000000000e+03 4.177641272544860840e-01
3.263000000000000000e+03 3.690066337585449219e+00
3.282000000000000000e+03 3.846841812133789062e+00
3.287000000000000000e+03 2.351753711700439453e-01
3.293000000000000000e+03 2.539513587951660156e+00
3.295000000000000000e+03 5.074404478073120117e-01
3.301000000000000000e+03 1.736507415771484375e+00
3.313000000000000000e+03 4.617663383483886719e+00
3.315000000000000000e+03 7.521088123321533203e-01
3.321000000000000000e+03 1.633540511131286621e+00
3.329000000000000000e+03 2.070285320281982422e+00
3.333000000000000000e+03 1.063702106475830078e-01
3.335000000000000000e+03 4.027583599090576172e+00
3.339000000000000000e+03 1.615728616714477539e+00
3.351000000000000000e+03 1.800732016563415527e-01
3.372000000000000000e+03 7.207000255584716797e-01
3.375000000000000000e+03 2.725318193435668945e+00
3.390000000000000000e+03 8.377795815467834473e-01
3.418000000000000000e+03 7.510566711425781250e-01
3.420000000000000000e+03 2.386958360671997070e+00
3.422000000000000000e+03 1.968014240264892578e-02
3.425000000000000000e+03 4.974979162216186523e-01
3.432000000000000000e+03 1.505000352859497070e+00
3.435000000000000000e+03 7.308502793312072754e-01
3.437000000000000000e+03 1.535473108291625977e+00
3.456000000000000000e+03 4.384420514106750488e-01
3.467000000000000000e+03 1.107907295227050781e-01
3.471000000000000000e+03 1.889841079711914062e+00
3.477000000000000000e+03 4.032143115997314453e+00
3.486000000000000000e+03 4.717510938644409180e-01
3.496000000000000000e+03 2.942387461662292480e-01
3.503000000000000000e+03 4.846723675727844238e-01
3.510000000000000000e+03 2.444221973419189453e+00
3.512000000000000000e+03 7.441849112510681152e-01
3.524000000000000000e+03 2.326924562454223633e+00
3.530000000000000000e+03 1.631186008453369141e-01
3.536000000000000000e+03 2.317178726196289062e+00
3.545000000000000000e+03 6.820548772811889648e-01
3.573000000000000000e+03 1.838281154632568359e-01
3.579000000000000000e+03 5.725797414779663086e-01
3.583000000000000000e+03 6.762980222702026367e-01
3.614000000000000000e+03 2.335792183876037598e-01
3.631000000000000000e+03 2.990746021270751953e+00
3.650000000000000000e+03 2.710813283920288086e+00
3.653000000000000000e+03 1.010133624076843262e-01
3.672000000000000000e+03 2.602649211883544922e+00
3.674000000000000000e+03 1.438633441925048828e+00
3.701000000000000000e+03 1.086454153060913086e+00
3.760000000000000000e+03 3.538643121719360352e-01
3.765000000000000000e+03 9.081818461418151855e-01
3.772000000000000000e+03 1.084866642951965332e+00
3.778000000000000000e+03 2.245104312896728516e-01
3.787000000000000000e+03 2.578035831451416016e+00
3.788000000000000000e+03 1.382155537605285645e+00
3.795000000000000000e+03 8.302736282348632812e-02
3.799000000000000000e+03 4.080474376678466797e-01
3.803000000000000000e+03 6.381460428237915039e-01
3.816000000000000000e+03 4.377841949462890625e-02
3.820000000000000000e+03 5.793631076812744141e-01
3.828000000000000000e+03 2.778200626373291016e+00
3.845000000000000000e+03 6.280016303062438965e-01
3.854000000000000000e+03 1.949707269668579102e-01
3.857000000000000000e+03 7.542062997817993164e-01
3.859000000000000000e+03 1.055601358413696289e+00
3.883000000000000000e+03 1.812183856964111328e+00
3.888000000000000000e+03 3.733461380004882812e+00
3.895000000000000000e+03 3.430078625679016113e-01
3.899000000000000000e+03 4.585310459136962891e+00
3.912000000000000000e+03 4.705577850341796875e+00
3.926000000000000000e+03 2.118873596191406250e-01
3.931000000000000000e+03 9.026550054550170898e-01
3.949000000000000000e+03 1.732735633850097656e-01
3.963000000000000000e+03 2.927915811538696289e+00
3.965000000000000000e+03 7.349118590354919434e-01
3.968000000000000000e+03 6.282645463943481445e-01
3.976000000000000000e+03 1.175617694854736328e+00
3.977000000000000000e+03 5.818622112274169922e-01
3.989000000000000000e+03 5.685889720916748047e-02
4.006000000000000000e+03 1.653934955596923828e+00
4.010000000000000000e+03 1.099671840667724609e+00
4.014000000000000000e+03 3.180742263793945312e-03
4.031000000000000000e+03 1.164309024810791016e+00
4.037000000000000000e+03 1.855037212371826172e-01
4.042000000000000000e+03 8.640998005867004395e-01
4.044000000000000000e+03 6.210438609123229980e-01
4.046000000000000000e+03 1.997447729110717773e+00
4.051000000000000000e+03 5.336928367614746094e-01
4.055000000000000000e+03 4.433403611183166504e-01
4.058000000000000000e+03 1.212475895881652832e+00
4.059000000000000000e+03 1.519378423690795898e-01
4.063000000000000000e+03 8.199771046638488770e-01
4.064000000000000000e+03 2.066768407821655273e+00
4.081000000000000000e+03 1.307754278182983398e+00
4.089000000000000000e+03 1.055100202560424805e+00
4.115000000000000000e+03 1.965328693389892578e+00
4.129000000000000000e+03 5.123802423477172852e-01
4.163000000000000000e+03 5.024186372756958008e-01
4.178000000000000000e+03 3.655563592910766602e-01
4.180000000000000000e+03 1.479825496673583984e+00
4.184000000000000000e+03 1.041751503944396973e-01
4.217000000000000000e+03 3.131486773490905762e-01
4.228000000000000000e+03 9.107400774955749512e-01
4.235000000000000000e+03 3.381348848342895508e-01
4.243000000000000000e+03 2.422896862030029297e+00
4.248000000000000000e+03 1.445713162422180176e+00
4.267000000000000000e+03 2.309903502464294434e-01
4.276000000000000000e+03 1.952854394912719727e+00
4.277000000000000000e+03 1.348781228065490723e+00
4.278000000000000000e+03 1.755164265632629395e-01
4.297000000000000000e+03 3.571370840072631836e-01
4.300000000000000000e+03 7.352902889251708984e-01
4.302000000000000000e+03 7.456738948822021484e-01
4.322000000000000000e+03 6.782397031784057617e-01
4.325000000000000000e+03 1.150099515914916992e+00
4.327000000000000000e+03 9.420961737632751465e-01
4.350000000000000000e+03 2.071486115455627441e-01
4.353000000000000000e+03 1.859098672866821289e-02
4.386000000000000000e+03 3.014528751373291016e-02
4.390000000000000000e+03 9.971237182617187500e-01
4.413000000000000000e+03 3.439341187477111816e-01
4.424000000000000000e+03 7.479363679885864258e-01
4.447000000000000000e+03 1.898397803306579590e-01
4.450000000000000000e+03 1.079738616943359375e+00
4.453000000000000000e+03 2.996283531188964844e+00
4.471000000000000000e+03 1.015149474143981934e+00
4.473000000000000000e+03 2.625227451324462891e+00
4.486000000000000000e+03 7.697705626487731934e-01
4.499000000000000000e+03 6.217714548110961914e-01
4.507000000000000000e+03 3.422695398330688477e-02
4.509000000000000000e+03 1.248523831367492676e+00
4.514000000000000000e+03 2.771540403366088867e+00
4.518000000000000000e+03 6.137135624885559082e-01
4.553000000000000000e+03 5.722241997718811035e-01
4.563000000000000000e+03 1.030564069747924805e+00
4.575000000000000000e+03 3.048238158226013184e-01
4.576000000000000000e+03 8.219036459922790527e-01
4.583000000000000000e+03 1.783056855201721191e-01
4.587000000000000000e+03 1.204321384429931641e-01
4.592000000000000000e+03 7.413682341575622559e-01
4.605000000000000000e+03 3.025464773178100586e+00
4.607000000000000000e+03 2.489717960357666016e+00
4.609000000000000000e+03 2.300745248794555664e-02
4.615000000000000000e+03 8.771550059318542480e-01
4.617000000000000000e+03 7.704439163208007812e-01
4.629000000000000000e+03 7.321490645408630371e-01
4.640000000000000000e+03 7.214432954788208008e-01
4.646000000000000000e+03 8.144277334213256836e-02
4.668000000000000000e+03 2.439003944396972656e+00
4.682000000000000000e+03 4.852808713912963867e-01
4.706000000000000000e+03 1.558362245559692383e-01
4.722000000000000000e+03 2.466475963592529297e+00
4.727000000000000000e+03 9.440273046493530273e-02
4.745000000000000000e+03 2.789190530776977539e+00
4.754000000000000000e+03 1.850342750549316406e+00
4.780000000000000000e+03 9.110436439514160156e-01
4.785000000000000000e+03 3.201470136642456055e+00
4.804000000000000000e+03 5.250205993652343750e-01
4.833000000000000000e+03 2.296004772186279297e+00
4.841000000000000000e+03 1.391876935958862305e-01
4.851000000000000000e+03 8.734804391860961914e-02
4.865000000000000000e+03 2.006026029586791992e+00
4.887000000000000000e+03 2.339996814727783203e+00
4.889000000000000000e+03 1.601710081100463867e+00
4.892000000000000000e+03 8.640356063842773438e-01
4.895000000000000000e+03 1.125148653984069824e+00
4.896000000000000000e+03 1.419267058372497559e+00
4.910000000000000000e+03 3.831861019134521484e-01
4.919000000000000000e+03 2.537431716918945312e+00
4.932000000000000000e+03 1.388436555862426758e-01
4.954000000000000000e+03 8.548777103424072266e-01
4.967000000000000000e+03 3.191038370132446289e-01
5.004000000000000000e+03 2.166992425918579102e-01
5.008000000000000000e+03 8.579508066177368164e-01
5.011000000000000000e+03 2.994814515113830566e-01
5.035000000000000000e+03 6.448908448219299316e-01
5.054000000000000000e+03 3.493394255638122559e-01
5.077000000000000000e+03 2.083749771118164062e+00
5.078000000000000000e+03 1.508719921112060547e-01
5.079000000000000000e+03 3.151837825775146484e+00
5.088000000000000000e+03 3.232583403587341309e-01
5.092000000000000000e+03 3.588787078857421875e+00
5.096000000000000000e+03 5.724229216575622559e-01
5.104000000000000000e+03 1.210526227951049805e+00
5.109000000000000000e+03 2.413456916809082031e+00
5.117000000000000000e+03 2.514790534973144531e+00
5.118000000000000000e+03 6.881797313690185547e-01
5.147000000000000000e+03 9.467360377311706543e-01
5.172000000000000000e+03 1.298243999481201172e-01
5.176000000000000000e+03 3.212947368621826172e+00
5.179000000000000000e+03 3.242782115936279297e+00
5.187000000000000000e+03 2.962526321411132812e+00
5.208000000000000000e+03 5.411946773529052734e-02
5.218000000000000000e+03 4.457905888557434082e-01
5.228000000000000000e+03 5.309514999389648438e-01
5.234000000000000000e+03 6.535933613777160645e-01
5.235000000000000000e+03 4.494999051094055176e-01
5.237000000000000000e+03 2.058815956115722656e+00
5.252000000000000000e+03 5.592023730278015137e-01
5.275000000000000000e+03 9.577304124832153320e-01
5.286000000000000000e+03 1.650151014328002930e+00
5.296000000000000000e+03 1.813104391098022461e+00
5.299000000000000000e+03 8.713741898536682129e-01
5.308000000000000000e+03 8.124837279319763184e-01
5.314000000000000000e+03 8.523213863372802734e-01
5.315000000000000000e+03 4.304197311401367188e+00
5.319000000000000000e+03 7.765973210334777832e-01
5.327000000000000000e+03 7.632949948310852051e-01
5.328000000000000000e+03 1.290915966033935547e+00
5.344000000000000000e+03 6.945195794105529785e-01
5.350000000000000000e+03 7.735473513603210449e-01
5.361000000000000000e+03 1.110635280609130859e+00
5.362000000000000000e+03 1.792827248573303223e-01
5.374000000000000000e+03 1.178553342819213867e+00
5.386000000000000000e+03 3.472821235656738281e+00
5.390000000000000000e+03 5.633800029754638672e-01
5.391000000000000000e+03 7.763870954513549805e-01
5.397000000000000000e+03 5.889068245887756348e-01
5.403000000000000000e+03 4.280534386634826660e-01
5.425000000000000000e+03 2.548651695251464844e-01
5.432000000000000000e+03 1.066566705703735352e-01
5.454000000000000000e+03 1.566482067108154297e+00
5.462000000000000000e+03 2.532735824584960938e+00
5.464000000000000000e+03 1.765959501266479492e+00
5.465000000000000000e+03 1.167427182197570801e+00
5.470000000000000000e+03 5.775524377822875977e-01
5.473000000000000000e+03 9.930568933486938477e-02
5.507000000000000000e+03 1.109372138977050781e+00
5.513000000000000000e+03 7.444864511489868164e-01
5.523000000000000000e+03 4.031058311462402344e+00
5.528000000000000000e+03 2.151166439056396484e+00
5.532000000000000000e+03 2.922275662422180176e-01
5.539000000000000000e+03 1.030594110488891602e-02
5.545000000000000000e+03 1.467752456665039062e+00
5.546000000000000000e+03 1.905536651611328125e-02
5.565000000000000000e+03 1.063357591629028320e+00
5.572000000000000000e+03 2.946444153785705566e-01
5.576000000000000000e+03 5.900202989578247070e-01
5.581000000000000000e+03 3.277361989021301270e-01
5.587000000000000000e+03 2.609367370605468750e-01
5.597000000000000000e+03 4.574797749519348145e-01
5.612000000000000000e+03 5.477033257484436035e-01
5.617000000000000000e+03 2.994699478149414062e-01
5.622000000000000000e+03 1.327466964721679688e-02
5.625000000000000000e+03 8.977519869804382324e-01
5.639000000000000000e+03 3.427124619483947754e-01
5.642000000000000000e+03 1.924610376358032227e+00
5.643000000000000000e+03 3.317491412162780762e-01
5.656000000000000000e+03 1.042457461357116699e+00
5.681000000000000000e+03 2.294734120368957520e-01
5.682000000000000000e+03 8.514121770858764648e-01
5.685000000000000000e+03 8.384869694709777832e-01
5.686000000000000000e+03 1.680277109146118164e+00
5.694000000000000000e+03 9.922364950180053711e-01
5.724000000000000000e+03 2.444342374801635742e-01
5.736000000000000000e+03 4.940015673637390137e-01
5.739000000000000000e+03 8.834603428840637207e-01
5.747000000000000000e+03 9.336615800857543945e-01
5.750000000000000000e+03 3.882927894592285156e-01
5.751000000000000000e+03 7.369119524955749512e-01
5.755000000000000000e+03 3.680116176605224609e+00
5.764000000000000000e+03 3.854588270187377930e-01
5.771000000000000000e+03 4.365561604499816895e-01
5.779000000000000000e+03 4.323753118515014648e-01
5.784000000000000000e+03 1.807821750640869141e+00
5.807000000000000000e+03 4.728366732597351074e-01
5.811000000000000000e+03 7.770147323608398438e-01
5.816000000000000000e+03 5.943167805671691895e-01
5.820000000000000000e+03 7.476727366447448730e-01
5.853000000000000000e+03 4.312815070152282715e-01
5.857000000000000000e+03 2.077512979507446289e+00
5.863000000000000000e+03 1.210198283195495605e+00
5.868000000000000000e+03 2.346912860870361328e+00
5.870000000000000000e+03 1.471947431564331055e-01
5.881000000000000000e+03 2.753767371177673340e-01
5.885000000000000000e+03 1.301463365554809570e+00
5.901000000000000000e+03 1.784171938896179199e+00
5.933000000000000000e+03 5.893279314041137695e-01
5.941000000000000000e+03 1.580882310867309570e+00
5.942000000000000000e+03 2.039114952087402344e+00
5.955000000000000000e+03 7.110745310783386230e-01
5.962000000000000000e+03 2.109578251838684082e-01
5.973000000000000000e+03 4.579225182533264160e-01
5.979000000000000000e+03 6.704317331314086914e-01
5.995000000000000000e+03 1.053042292594909668e+00
6.006000000000000000e+03 8.131181597709655762e-01
6.015000000000000000e+03 8.264666795730590820e-02
6.018000000000000000e+03 4.085891842842102051e-01
6.024000000000000000e+03 8.687537908554077148e-02
6.031000000000000000e+03 3.381608128547668457e-01
6.033000000000000000e+03 2.618678212165832520e-01
6.039000000000000000e+03 2.290421724319458008e-02
6.054000000000000000e+03 3.207649469375610352e+00
6.062000000000000000e+03 4.183805584907531738e-01
6.066000000000000000e+03 2.135776996612548828e+00
6.074000000000000000e+03 2.804236173629760742e+00
6.102000000000000000e+03 4.362477064132690430e-01
6.111000000000000000e+03 2.768892288208007812e+00
6.120000000000000000e+03 1.168731808662414551e+00
6.128000000000000000e+03 1.033054351806640625e+00
6.132000000000000000e+03 1.188632249832153320e-01
6.138000000000000000e+03 1.051674008369445801e+00
6.140000000000000000e+03 7.391369342803955078e-01
6.144000000000000000e+03 2.006927967071533203e+00
6.150000000000000000e+03 7.031545639038085938e-01
6.151000000000000000e+03 5.074397563934326172e+00
6.156000000000000000e+03 1.221451282501220703e+00
6.161000000000000000e+03 3.676648139953613281e-01
6.162000000000000000e+03 2.552151679992675781e+00
6.164000000000000000e+03 1.386028885841369629e+00
6.165000000000000000e+03 1.017708539962768555e+00
6.167000000000000000e+03 4.991894245147705078e+00
6.169000000000000000e+03 4.410325288772583008e-01
6.192000000000000000e+03 3.886873126029968262e-01
6.197000000000000000e+03 1.196422576904296875e+00
6.202000000000000000e+03 1.419245123863220215e+00
6.222000000000000000e+03 2.704682350158691406e+00
6.232000000000000000e+03 4.713762998580932617e-01
6.260000000000000000e+03 8.969709873199462891e-01
6.268000000000000000e+03 8.867775201797485352e-01
6.280000000000000000e+03 4.340018749237060547e+00
6.284000000000000000e+03 1.629787683486938477e-01
6.287000000000000000e+03 6.272083520889282227e-02
6.290000000000000000e+03 2.411560535430908203e+00
6.302000000000000000e+03 1.371011137962341309e-01
6.306000000000000000e+03 1.815970182418823242e+00
6.311000000000000000e+03 9.087610244750976562e-02
6.330000000000000000e+03 6.341232061386108398e-01
6.331000000000000000e+03 2.664959430694580078e-01
6.340000000000000000e+03 7.813850045204162598e-01
6.344000000000000000e+03 3.094611763954162598e-01
6.364000000000000000e+03 1.203624367713928223e+00
6.369000000000000000e+03 3.671444654464721680e-01
6.375000000000000000e+03 1.134559750556945801e+00
6.395000000000000000e+03 4.351605415344238281e+00
6.402000000000000000e+03 3.193460106849670410e-01
6.403000000000000000e+03 2.820073604583740234e+00
6.411000000000000000e+03 1.525201320648193359e+00
6.443000000000000000e+03 2.020501613616943359e+00
6.447000000000000000e+03 5.982022881507873535e-01
6.448000000000000000e+03 9.590500593185424805e-01
6.452000000000000000e+03 5.996924042701721191e-01
6.455000000000000000e+03 1.676336765289306641e+00
6.466000000000000000e+03 2.285485267639160156e-01
6.467000000000000000e+03 9.676164388656616211e-02
6.469000000000000000e+03 2.797731757164001465e-01
6.477000000000000000e+03 2.487400770187377930e-01
6.483000000000000000e+03 2.915320396423339844e-01
6.504000000000000000e+03 6.144290566444396973e-01
6.505000000000000000e+03 2.342736005783081055e+00
6.509000000000000000e+03 6.524036526679992676e-01
6.537000000000000000e+03 6.147096157073974609e-01
6.549000000000000000e+03 4.261481761932373047e-02
6.550000000000000000e+03 6.350695490837097168e-01
6.560000000000000000e+03 7.757819890975952148e-01
6.570000000000000000e+03 1.070303082466125488e+00
6.608000000000000000e+03 8.900970220565795898e-01
6.618000000000000000e+03 1.135182738304138184e+00
6.640000000000000000e+03 5.622620582580566406e-01
6.644000000000000000e+03 2.553500533103942871e-01
6.654000000000000000e+03 9.144198894500732422e-02
6.659000000000000000e+03 1.408461093902587891e+00
6.724000000000000000e+03 2.752838850021362305e+00
6.732000000000000000e+03 3.201567530632019043e-01
6.734000000000000000e+03 1.900076031684875488e+00
6.740000000000000000e+03 1.189799904823303223e-01
6.752000000000000000e+03 1.516006469726562500e+00
6.765000000000000000e+03 1.453403472900390625e+00
6.766000000000000000e+03 2.600339055061340332e-01
6.768000000000000000e+03 6.521844863891601562e-01
6.775000000000000000e+03 3.350804328918457031e+00
6.777000000000000000e+03 2.002670168876647949e-01
6.778000000000000000e+03 9.840255975723266602e-02
6.784000000000000000e+03 3.075143098831176758e-01
6.794000000000000000e+03 5.531142354011535645e-01
6.797000000000000000e+03 5.409986972808837891e-01
6.804000000000000000e+03 1.586522340774536133e+00
6.809000000000000000e+03 3.526025414466857910e-01
6.811000000000000000e+03 8.331627845764160156e-01
6.813000000000000000e+03 1.479132175445556641e-01
6.834000000000000000e+03 2.135133743286132812e+00
6.835000000000000000e+03 7.901777029037475586e-01
6.838000000000000000e+03 2.050887942314147949e-01
6.843000000000000000e+03 1.558219909667968750e+00
6.845000000000000000e+03 3.165699481964111328e+00
6.846000000000000000e+03 6.803700923919677734e-01
6.849000000000000000e+03 1.148190498352050781e+00
6.857000000000000000e+03 3.098816275596618652e-01
6.867000000000000000e+03 5.316562056541442871e-01
6.869000000000000000e+03 5.933436155319213867e-01
6.910000000000000000e+03 6.787204146385192871e-01
6.911000000000000000e+03 4.559541344642639160e-01
6.915000000000000000e+03 2.676182746887207031e+00
6.922000000000000000e+03 7.994251251220703125e-01
6.930000000000000000e+03 2.110615968704223633e-01
6.933000000000000000e+03 1.935377597808837891e+00
6.944000000000000000e+03 4.258053898811340332e-01
6.950000000000000000e+03 2.501469850540161133e-02
6.955000000000000000e+03 2.503506422042846680e+00
6.957000000000000000e+03 3.579019904136657715e-01
6.960000000000000000e+03 1.156886816024780273e+00
6.968000000000000000e+03 1.887810707092285156e+00
6.974000000000000000e+03 7.372819781303405762e-01
6.976000000000000000e+03 4.813444614410400391e-02
7.017000000000000000e+03 4.706916213035583496e-01
7.034000000000000000e+03 7.055587172508239746e-01
7.045000000000000000e+03 4.400290846824645996e-01
7.060000000000000000e+03 1.859796047210693359e+00
7.062000000000000000e+03 1.512751817703247070e+00
7.081000000000000000e+03 9.837995171546936035e-01
7.087000000000000000e+03 7.756304144859313965e-01
7.088000000000000000e+03 1.689524650573730469e-01
7.097000000000000000e+03 3.802073955535888672e+00
7.112000000000000000e+03 2.416608333587646484e-01
7.115000000000000000e+03 1.589655756950378418e+00
7.122000000000000000e+03 2.028760194778442383e+00
7.133000000000000000e+03 2.626987934112548828e+00
7.136000000000000000e+03 1.861497402191162109e+00
7.166000000000000000e+03 1.619797945022583008e-01
7.198000000000000000e+03 5.067813396453857422e+00
7.212000000000000000e+03 3.941347002983093262e-01
7.222000000000000000e+03 5.264740586280822754e-01
7.229000000000000000e+03 1.438325047492980957e-01
7.233000000000000000e+03 4.843564033508300781e+00
7.234000000000000000e+03 2.811257839202880859e-01
7.245000000000000000e+03 3.266491293907165527e-01
7.247000000000000000e+03 7.648674249649047852e-01
7.252000000000000000e+03 4.617550373077392578e-01
7.255000000000000000e+03 1.387850642204284668e-01
7.259000000000000000e+03 7.444686293601989746e-01
7.267000000000000000e+03 6.857184171676635742e-01
7.269000000000000000e+03 2.261370420455932617e+00
7.289000000000000000e+03 9.155180454254150391e-01
7.314000000000000000e+03 1.014762639999389648e+00
7.316000000000000000e+03 1.349835395812988281e+00
7.330000000000000000e+03 8.574430942535400391e-01
7.333000000000000000e+03 1.724723577499389648e+00
7.351000000000000000e+03 1.597437500953674316e+00
7.359000000000000000e+03 1.739920735359191895e+00
7.361000000000000000e+03 6.424393057823181152e-01
7.377000000000000000e+03 4.255498647689819336e-01
7.389000000000000000e+03 5.074314594268798828e+00
7.390000000000000000e+03 2.598409056663513184e-01
7.402000000000000000e+03 6.076829433441162109e-01
7.405000000000000000e+03 7.708438038825988770e-01
7.408000000000000000e+03 7.013843059539794922e-01
7.414000000000000000e+03 5.058894753456115723e-01
7.422000000000000000e+03 4.787720441818237305e-01
7.425000000000000000e+03 1.071824550628662109e+00
7.432000000000000000e+03 8.920776844024658203e-01
7.439000000000000000e+03 1.458757996559143066e+00
7.454000000000000000e+03 2.506188750267028809e-01
7.458000000000000000e+03 7.377381324768066406e-01
7.466000000000000000e+03 2.600733041763305664e-01
7.481000000000000000e+03 3.712605237960815430e-01
7.487000000000000000e+03 3.737345337867736816e-01
7.496000000000000000e+03 3.358554363250732422e+00
7.518000000000000000e+03 6.162660717964172363e-01
7.529000000000000000e+03 1.081170797348022461e+00
7.531000000000000000e+03 1.634262204170227051e-01
7.533000000000000000e+03 1.003863453865051270e+00
7.534000000000000000e+03 9.241527318954467773e-01
7.539000000000000000e+03 2.822465419769287109e+00
7.548000000000000000e+03 6.578747034072875977e-01
7.551000000000000000e+03 8.959683775901794434e-01
7.563000000000000000e+03 6.803470849990844727e-01
7.569000000000000000e+03 9.083206057548522949e-01
7.573000000000000000e+03 1.011743783950805664e+00
7.578000000000000000e+03 1.339660286903381348e-01
7.588000000000000000e+03 1.383047580718994141e+00
7.600000000000000000e+03 2.003440856933593750e-01
7.608000000000000000e+03 1.124171495437622070e+00
7.614000000000000000e+03 6.288293600082397461e-01
7.618000000000000000e+03 8.189639449119567871e-01
7.625000000000000000e+03 6.832984089851379395e-01
7.634000000000000000e+03 5.569012165069580078e-01
7.658000000000000000e+03 4.769128799438476562e+00
7.660000000000000000e+03 4.750459194183349609e-01
7.663000000000000000e+03 6.523959636688232422e-01
7.665000000000000000e+03 6.520853042602539062e-01
7.677000000000000000e+03 2.230274677276611328e-02
7.689000000000000000e+03 4.836618900299072266e-01
7.693000000000000000e+03 4.593810439109802246e-01
7.699000000000000000e+03 1.779104113578796387e+00
7.704000000000000000e+03 1.245414733886718750e+00
7.722000000000000000e+03 1.607846498489379883e+00
7.726000000000000000e+03 1.559339404106140137e+00
7.744000000000000000e+03 1.479884147644042969e+00
7.753000000000000000e+03 6.916711926460266113e-01
7.758000000000000000e+03 5.881022214889526367e-01
7.764000000000000000e+03 7.092618346214294434e-01
7.766000000000000000e+03 6.981648206710815430e-01
7.771000000000000000e+03 5.926723480224609375e-01
7.824000000000000000e+03 1.160522699356079102e+00
7.830000000000000000e+03 1.974700689315795898e+00
7.851000000000000000e+03 8.633478879928588867e-01
7.853000000000000000e+03 7.573310136795043945e-01
7.866000000000000000e+03 2.583206892013549805e+00
7.875000000000000000e+03 5.615733861923217773e-01
7.889000000000000000e+03 1.899304032325744629e+00
7.897000000000000000e+03 1.031128644943237305e+00
7.928000000000000000e+03 9.312896132469177246e-01
7.933000000000000000e+03 2.323528051376342773e+00
7.934000000000000000e+03 1.519493460655212402e-01
7.941000000000000000e+03 1.593991994857788086e+00
7.949000000000000000e+03 7.531329989433288574e-01
7.951000000000000000e+03 7.576385736465454102e-01
7.958000000000000000e+03 1.812150835990905762e+00
7.973000000000000000e+03 1.810389637947082520e+00
7.994000000000000000e+03 9.620018005371093750e-01
8.004000000000000000e+03 6.922332644462585449e-01
8.027000000000000000e+03 1.315268874168395996e+00
8.037000000000000000e+03 3.049256205558776855e-01
8.040000000000000000e+03 6.909360885620117188e-01
8.048000000000000000e+03 2.789491415023803711e-02
8.050000000000000000e+03 2.711808681488037109e+00
8.059000000000000000e+03 1.750038743019104004e+00
8.060000000000000000e+03 9.524475336074829102e-01
8.068000000000000000e+03 2.738154530525207520e-01
8.071000000000000000e+03 4.851621985435485840e-01
8.113000000000000000e+03 2.347059488296508789e+00
8.140000000000000000e+03 2.929091691970825195e+00
8.146000000000000000e+03 2.111551165580749512e-01
8.159000000000000000e+03 6.735133528709411621e-01
8.168000000000000000e+03 4.000224590301513672e+00
8.189000000000000000e+03 2.365823745727539062e+00
8.197000000000000000e+03 1.171825885772705078e+00
8.216000000000000000e+03 2.105606317520141602e+00
8.227000000000000000e+03 2.295491695404052734e+00
8.232000000000000000e+03 6.065574288368225098e-01
8.241000000000000000e+03 1.680788040161132812e+00
8.249000000000000000e+03 9.221792221069335938e-03
8.254000000000000000e+03 2.142136096954345703e-01
8.257000000000000000e+03 3.094612598419189453e+00
8.278000000000000000e+03 1.802561879158020020e+00
8.289000000000000000e+03 5.686528682708740234e-01
8.299000000000000000e+03 2.956187725067138672e-01
8.307000000000000000e+03 5.297860503196716309e-01
8.315000000000000000e+03 1.493413686752319336e+00
8.333000000000000000e+03 1.880890130996704102e+00
8.336000000000000000e+03 1.909437775611877441e+00
8.338000000000000000e+03 3.836100697517395020e-01
8.339000000000000000e+03 1.381291866302490234e+00
8.347000000000000000e+03 2.069328427314758301e-01
8.348000000000000000e+03 4.186439990997314453e+00
8.357000000000000000e+03 6.717439889907836914e-01
8.361000000000000000e+03 3.681982517242431641e+00
8.409000000000000000e+03 4.419332742691040039e-02
8.416000000000000000e+03 1.949732303619384766e+00
8.420000000000000000e+03 3.656927943229675293e-01
8.426000000000000000e+03 1.724913358688354492e+00
8.436000000000000000e+03 3.213391900062561035e-01
8.447000000000000000e+03 3.151302099227905273e+00
8.481000000000000000e+03 2.241647243499755859e-02
8.492000000000000000e+03 7.389081716537475586e-01
8.493000000000000000e+03 7.780354619026184082e-01
8.502000000000000000e+03 3.824185609817504883e+00
8.508000000000000000e+03 1.426153898239135742e+00
8.510000000000000000e+03 4.024302959442138672e-02
8.517000000000000000e+03 1.799938797950744629e+00
8.522000000000000000e+03 3.032000660896301270e-01
8.574000000000000000e+03 1.691360116004943848e+00
8.579000000000000000e+03 1.145720481872558594e-01
8.585000000000000000e+03 2.894554138183593750e+00
8.589000000000000000e+03 2.425828576087951660e-01
8.592000000000000000e+03 1.457233905792236328e+00
8.593000000000000000e+03 1.614081263542175293e+00
8.617000000000000000e+03 4.789490103721618652e-01
8.624000000000000000e+03 7.135123610496520996e-01
8.639000000000000000e+03 6.942691206932067871e-01
8.692000000000000000e+03 2.832889556884765625e-02
8.697000000000000000e+03 1.515576839447021484e+00
8.703000000000000000e+03 1.167235016822814941e+00
8.711000000000000000e+03 9.514689445495605469e-02
8.713000000000000000e+03 1.851034164428710938e-01
8.725000000000000000e+03 1.475035548210144043e+00
8.732000000000000000e+03 1.164942979812622070e+00
8.747000000000000000e+03 1.022993087768554688e+00
8.766000000000000000e+03 2.098711013793945312e+00
8.773000000000000000e+03 6.843295693397521973e-01
8.777000000000000000e+03 3.091675043106079102e-02
8.791000000000000000e+03 2.392753362655639648e+00
8.792000000000000000e+03 1.319599628448486328e+00
8.794000000000000000e+03 3.903399109840393066e-01
8.795000000000000000e+03 3.761499166488647461e+00
8.817000000000000000e+03 5.546687841415405273e-01
8.828000000000000000e+03 2.787231206893920898e-01
8.836000000000000000e+03 1.791376590728759766e+00
8.851000000000000000e+03 1.667259335517883301e-01
8.852000000000000000e+03 3.603416919708251953e+00
8.854000000000000000e+03 1.922331809997558594e+00
8.868000000000000000e+03 5.395727753639221191e-01
8.873000000000000000e+03 3.425527095794677734e+00
8.877000000000000000e+03 3.823330998420715332e-01
8.883000000000000000e+03 3.245300054550170898e-01
8.885000000000000000e+03 1.490062475204467773e+00
8.888000000000000000e+03 1.690330862998962402e+00
8.890000000000000000e+03 8.476638197898864746e-01
8.891000000000000000e+03 3.195061683654785156e-01
8.893000000000000000e+03 8.086218833923339844e-01
8.896000000000000000e+03 6.371323466300964355e-01
8.906000000000000000e+03 3.570927858352661133e+00
8.911000000000000000e+03 7.377359867095947266e-01
8.915000000000000000e+03 4.364386796951293945e-01
8.919000000000000000e+03 1.248579025268554688e-01
8.937000000000000000e+03 6.547923088073730469e-01
8.945000000000000000e+03 3.040499687194824219e-01
8.953000000000000000e+03 5.225492119789123535e-01
8.965000000000000000e+03 8.001477122306823730e-01
8.977000000000000000e+03 2.913317441940307617e+00
8.980000000000000000e+03 9.899830818176269531e-02
8.986000000000000000e+03 2.337838649749755859e+00
9.004000000000000000e+03 9.949910044670104980e-01
9.007000000000000000e+03 1.676802873611450195e+00
9.019000000000000000e+03 4.101397395133972168e-01
9.043000000000000000e+03 6.120502948760986328e-01
9.081000000000000000e+03 5.331111550331115723e-01
9.084000000000000000e+03 2.243340015411376953e-02
9.091000000000000000e+03 2.718301415443420410e-01
9.105000000000000000e+03 4.238739609718322754e-01
9.107000000000000000e+03 7.401877045631408691e-01
9.108000000000000000e+03 4.544414877891540527e-01
9.109000000000000000e+03 2.758737206459045410e-01
9.114000000000000000e+03 4.052257537841796875e+00
9.116000000000000000e+03 1.254341840744018555e+00
9.125000000000000000e+03 1.725451946258544922e+00
9.133000000000000000e+03 9.854264259338378906e-01
9.136000000000000000e+03 3.100584506988525391e+00
9.163000000000000000e+03 6.981842517852783203e-01
9.211000000000000000e+03 5.069145679473876953e+00
9.213000000000000000e+03 4.227656364440917969e+00
9.214000000000000000e+03 3.744708895683288574e-01
9.234000000000000000e+03 4.867795705795288086e-01
9.247000000000000000e+03 5.771355032920837402e-01
9.253000000000000000e+03 7.805382609367370605e-01
9.255000000000000000e+03 3.391075134277343750e+00
9.256000000000000000e+03 1.445960402488708496e-01
9.262000000000000000e+03 9.624646306037902832e-01
9.270000000000000000e+03 1.006296992301940918e+00
9.274000000000000000e+03 4.155837297439575195e-01
9.280000000000000000e+03 5.040174722671508789e-02
9.288000000000000000e+03 6.543654799461364746e-01
9.309000000000000000e+03 4.960235953330993652e-01
9.320000000000000000e+03 2.349359989166259766e+00
9.329000000000000000e+03 4.302719235420227051e-01
9.342000000000000000e+03 8.316944241523742676e-01
9.351000000000000000e+03 7.543879747390747070e-02
9.354000000000000000e+03 1.361068964004516602e+00
9.368000000000000000e+03 1.270957589149475098e-01
9.369000000000000000e+03 6.721331477165222168e-01
9.375000000000000000e+03 2.949951410293579102e+00
9.384000000000000000e+03 2.694876909255981445e+00
9.403000000000000000e+03 2.221624851226806641e+00
9.407000000000000000e+03 1.152165055274963379e+00
9.408000000000000000e+03 4.805858731269836426e-01
9.411000000000000000e+03 6.099814176559448242e-02
9.415000000000000000e+03 4.169344902038574219e-01
9.421000000000000000e+03 5.452431440353393555e-01
9.438000000000000000e+03 1.536909341812133789e+00
9.445000000000000000e+03 6.955804824829101562e-01
9.447000000000000000e+03 6.632202863693237305e-02
9.453000000000000000e+03 2.977108955383300781e-02
9.465000000000000000e+03 7.147198319435119629e-01
9.468000000000000000e+03 1.095632791519165039e+00
9.471000000000000000e+03 1.083692908287048340e+00
9.478000000000000000e+03 8.528250455856323242e-01
9.485000000000000000e+03 7.339621782302856445e-01
9.489000000000000000e+03 2.869477272033691406e+00
9.492000000000000000e+03 4.782807826995849609e-02
9.500000000000000000e+03 8.061251044273376465e-01
9.504000000000000000e+03 1.944187641143798828e+00
9.517000000000000000e+03 1.250873208045959473e-01
9.518000000000000000e+03 2.557377219200134277e-01
9.521000000000000000e+03 3.456977367401123047e+00
9.523000000000000000e+03 1.124925971031188965e+00
9.526000000000000000e+03 4.294992685317993164e-01
9.535000000000000000e+03 2.210372447967529297e+00
9.538000000000000000e+03 2.422122478485107422e+00
9.539000000000000000e+03 1.271735906600952148e+00
9.545000000000000000e+03 2.030260086059570312e+00
9.552000000000000000e+03 7.655578851699829102e-01
9.553000000000000000e+03 8.172973394393920898e-01
9.556000000000000000e+03 3.011677742004394531e+00
9.570000000000000000e+03 6.973725557327270508e-02
9.586000000000000000e+03 6.437075138092041016e-01
9.597000000000000000e+03 7.820860147476196289e-01
9.602000000000000000e+03 3.831505179405212402e-01
9.614000000000000000e+03 8.116274476051330566e-01
9.617000000000000000e+03 7.774627208709716797e-01
9.632000000000000000e+03 3.910333514213562012e-01
9.638000000000000000e+03 1.194229364395141602e+00
9.641000000000000000e+03 2.103678584098815918e-01
9.645000000000000000e+03 9.413219690322875977e-01
9.659000000000000000e+03 1.689051151275634766e+00
9.665000000000000000e+03 3.096619129180908203e+00
9.666000000000000000e+03 1.951681375503540039e-01
9.672000000000000000e+03 1.082733511924743652e+00
9.680000000000000000e+03 5.154787898063659668e-01
9.681000000000000000e+03 1.009853363037109375e+00
9.687000000000000000e+03 4.383802413940429688e-01
9.693000000000000000e+03 2.169238567352294922e+00
9.714000000000000000e+03 2.488535404205322266e+00
9.721000000000000000e+03 6.794142723083496094e-01
9.729000000000000000e+03 6.046757102012634277e-01
9.734000000000000000e+03 3.780231237411499023e+00
9.756000000000000000e+03 2.733175277709960938e+00
9.783000000000000000e+03 4.004954099655151367e-01
9.786000000000000000e+03 2.999608516693115234e+00
9.794000000000000000e+03 1.942883133888244629e+00
9.799000000000000000e+03 1.406142830848693848e+00
9.807000000000000000e+03 2.681166172027587891e+00
9.809000000000000000e+03 2.702751755714416504e-01
9.816000000000000000e+03 4.649628400802612305e-01
9.820000000000000000e+03 2.041769027709960938e+00
9.825000000000000000e+03 6.324239969253540039e-01
9.840000000000000000e+03 6.122799515724182129e-01
9.845000000000000000e+03 1.163850307464599609e+00
9.854000000000000000e+03 8.141732215881347656e-01
9.857000000000000000e+03 1.579560041427612305e-01
9.862000000000000000e+03 4.634820938110351562e+00
9.870000000000000000e+03 2.297042846679687500e+00
9.872000000000000000e+03 2.010966062545776367e+00
9.880000000000000000e+03 1.009523868560791016e+00
9.909000000000000000e+03 1.692239522933959961e+00
9.914000000000000000e+03 2.984185814857482910e-01
9.919000000000000000e+03 1.354718208312988281e+00
9.937000000000000000e+03 5.598282814025878906e-01
9.940000000000000000e+03 1.135544776916503906e+00
9.943000000000000000e+03 1.210479617118835449e+00
9.944000000000000000e+03 1.601861119270324707e-01
9.947000000000000000e+03 2.422255277633666992e-01
9.953000000000000000e+03 1.266459941864013672e+00
9.957000000000000000e+03 1.774130463600158691e+00
9.962000000000000000e+03 4.102569818496704102e-02
9.965000000000000000e+03 1.214432358741760254e+00
9.969000000000000000e+03 1.440563201904296875e+00
9.991000000000000000e+03 1.393242239952087402e+00
9.993000000000000000e+03 7.731153368949890137e-01
9.996000000000000000e+03 3.229787945747375488e-01
1.000500000000000000e+04 4.158241748809814453e-01
1.000800000000000000e+04 1.977810859680175781e-01
1.001400000000000000e+04 4.088286399841308594e+00
1.001500000000000000e+04 1.861106276512145996e+00
1.003400000000000000e+04 6.602331995964050293e-01
1.003500000000000000e+04 1.106755018234252930e+00
1.003700000000000000e+04 1.570875763893127441e+00
1.005600000000000000e+04 1.508432507514953613e+00
1.005800000000000000e+04 4.985588788986206055e-02
1.006400000000000000e+04 2.523531913757324219e+00
1.007500000000000000e+04 5.318449735641479492e-01
1.008300000000000000e+04 1.774892091751098633e+00
1.008700000000000000e+04 1.266147136688232422e+00
1.008900000000000000e+04 2.357681989669799805e+00
1.009000000000000000e+04 2.107711791992187500e+00
1.011200000000000000e+04 1.135927438735961914e+00
1.012500000000000000e+04 9.139556884765625000e-01
1.012600000000000000e+04 4.760208725929260254e-01
1.013300000000000000e+04 3.266591429710388184e-01
1.013500000000000000e+04 2.649256587028503418e-01
1.014200000000000000e+04 3.412360429763793945e+00
1.017100000000000000e+04 8.631807565689086914e-02
1.018100000000000000e+04 1.372055530548095703e+00
1.018300000000000000e+04 3.333306312561035156e-01
1.018700000000000000e+04 2.136942625045776367e+00
1.019000000000000000e+04 3.087255358695983887e-01
1.022100000000000000e+04 1.840160489082336426e+00
1.023000000000000000e+04 6.780573129653930664e-01
1.023700000000000000e+04 5.679619908332824707e-01
1.025100000000000000e+04 3.088890552520751953e+00
1.026400000000000000e+04 6.159123182296752930e-01
1.027800000000000000e+04 9.769201278686523438e-04
1.030600000000000000e+04 8.107380270957946777e-01
1.031500000000000000e+04 1.933794021606445312e-01
1.032100000000000000e+04 2.449088335037231445e+00
1.033300000000000000e+04 5.237762331962585449e-01
1.033900000000000000e+04 9.009343385696411133e-02
1.034700000000000000e+04 5.622843503952026367e-01
1.035500000000000000e+04 9.659312367439270020e-01
1.036100000000000000e+04 1.933444261550903320e+00
1.036200000000000000e+04 2.530714511871337891e+00
1.036700000000000000e+04 6.956197023391723633e-01
1.037100000000000000e+04 3.541964292526245117e-01
1.038700000000000000e+04 5.383079648017883301e-01
1.039000000000000000e+04 1.620709896087646484e-03
1.040300000000000000e+04 1.930763840675354004e+00
1.044100000000000000e+04 2.546969652175903320e+00
1.044800000000000000e+04 5.393143892288208008e-01
1.044900000000000000e+04 3.722411990165710449e-01
1.046300000000000000e+04 3.467168211936950684e-01
1.046400000000000000e+04 1.034224390983581543e+00
1.048100000000000000e+04 2.820523977279663086e+00
1.049000000000000000e+04 2.261309623718261719e-01
1.050200000000000000e+04 9.434106349945068359e-01
1.050600000000000000e+04 1.192250967025756836e+00
1.051300000000000000e+04 1.209849119186401367e+00
1.052100000000000000e+04 4.861232757568359375e+00
1.052400000000000000e+04 3.770195484161376953e+00
1.052700000000000000e+04 1.698129773139953613e-01
1.053400000000000000e+04 6.829414367675781250e-01
1.054000000000000000e+04 1.109104633331298828e+00
1.055900000000000000e+04 3.793108940124511719e+00
1.056900000000000000e+04 1.325081348419189453e+00
1.058000000000000000e+04 7.868676781654357910e-01
1.058500000000000000e+04 1.425180435180664062e+00
1.059000000000000000e+04 8.282157182693481445e-01
1.059600000000000000e+04 1.716035962104797363e+00
1.060800000000000000e+04 7.700175046920776367e-02
1.061000000000000000e+04 2.415437102317810059e-01
1.064300000000000000e+04 1.779523968696594238e+00
1.066300000000000000e+04 9.119926691055297852e-01
1.067300000000000000e+04 7.457637190818786621e-01
1.067700000000000000e+04 1.433170080184936523e+00
1.069700000000000000e+04 4.756156206130981445e-01
1.071800000000000000e+04 5.182311534881591797e-01
1.072900000000000000e+04 6.221105456352233887e-01
1.074400000000000000e+04 2.660241127014160156e-01
1.074500000000000000e+04 2.279557466506958008e+00
1.075500000000000000e+04 1.338241100311279297e-01
1.075600000000000000e+04 2.857652306556701660e-01
1.080700000000000000e+04 3.913752436637878418e-01
1.081000000000000000e+04 2.629788875579833984e+00
1.081700000000000000e+04 4.173833131790161133e-01
1.083900000000000000e+04 9.404871463775634766e-01
1.085600000000000000e+04 7.740923762321472168e-01
1.087600000000000000e+04 3.647173643112182617e-01
1.088200000000000000e+04 2.862179279327392578e+00
1.088600000000000000e+04 9.839013218879699707e-01
1.089600000000000000e+04 3.304916620254516602e-01
1.090900000000000000e+04 2.130704402923583984e+00
1.092200000000000000e+04 1.498633503913879395e+00
1.093100000000000000e+04 3.861243247985839844e+00
1.095500000000000000e+04 1.743404626846313477e+00
1.095700000000000000e+04 3.956671953201293945e-01
1.096000000000000000e+04 9.534196257591247559e-01
1.097600000000000000e+04 4.560953974723815918e-01
1.100300000000000000e+04 1.771552324295043945e+00
1.100600000000000000e+04 4.309704780578613281e+00
1.101000000000000000e+04 9.491764307022094727e-01
1.101700000000000000e+04 4.776296019554138184e-01
1.102600000000000000e+04 7.746241092681884766e-01
1.102700000000000000e+04 2.007578015327453613e-01
1.102900000000000000e+04 1.235370516777038574e+00
1.103500000000000000e+04 2.717249989509582520e-01
1.105400000000000000e+04 3.432570099830627441e-01
1.105700000000000000e+04 1.611433863639831543e+00
1.106000000000000000e+04 1.251605272293090820e+00
1.106400000000000000e+04 2.653883457183837891e+00
1.107200000000000000e+04 5.564862489700317383e-01
1.107500000000000000e+04 1.126843690872192383e-02
1.107800000000000000e+04 2.899962663650512695e-02
1.109900000000000000e+04 1.272261142730712891e-01
1.110600000000000000e+04 1.501783251762390137e+00
1.112100000000000000e+04 3.220736026763916016e+00
1.113100000000000000e+04 6.512208580970764160e-01
1.113500000000000000e+04 6.924856901168823242e-01
1.114500000000000000e+04 3.195732831954956055e-02
1.114800000000000000e+04 2.648412585258483887e-01
1.115400000000000000e+04 1.886650323867797852e-01
1.117700000000000000e+04 3.309025168418884277e-01
1.118000000000000000e+04 4.057660698890686035e-01
1.118300000000000000e+04 9.024736881256103516e-01
1.119000000000000000e+04 3.517438769340515137e-01
1.120400000000000000e+04 1.097124099731445312e+00
1.120900000000000000e+04 5.107806921005249023e-01
1.121000000000000000e+04 2.720611095428466797e-01
1.122600000000000000e+04 7.209588885307312012e-01
1.123800000000000000e+04 3.956211805343627930e+00
1.125000000000000000e+04 1.038693785667419434e-01
1.125600000000000000e+04 3.178836107254028320e+00
1.126300000000000000e+04 1.016079068183898926e+00
1.126400000000000000e+04 3.400182723999023438e-02
1.126500000000000000e+04 8.009886145591735840e-01
1.129300000000000000e+04 1.700688004493713379e-01
1.129800000000000000e+04 1.809007883071899414e+00
1.130000000000000000e+04 8.515304923057556152e-01
1.130100000000000000e+04 8.169740438461303711e-01
