3.873002554363240954e+06
-6.828339432481984608e+06
7.952800459785223007e+06
5.946800686855341308e+06
5.344176138278702274e+06
3.628489668735467363e+06
2.058831681127618067e+06
-8.559116025833673775e+06
-5.232007701206165366e+06
-3.042692820569257438e+07
-9.518796232334828004e+06
-5.299820945529880933e+06
-3.329947526473841630e+06
-1.576906104165737052e+06
3.001264254646496847e+06
1.852161623810260789e+06
-1.336077557336999103e+07
1.760645889507987071e+06
3.384775389773312025e+06
9.488940118989065289e+06
3.061168134971906431e+06
8.747083576410017908e+06
1.517053065072731860e+07
-8.240256856134811416e+06
-7.682439745596187189e+06
4.480293775396124460e+06
2.213313138447703794e+06
8.783151255991300568e+06
-2.092819287847454194e+06
9.807255219483822584e+06
-2.104478077865273878e+07
1.563521965257076174e+07
7.840613474189006956e+05
-4.827243851355300285e+05
0.000000000000000000e+00
6.144623963567303866e+07
7.680779954459129833e+06
3.072311981783651933e+07
0.000000000000000000e+00
0.000000000000000000e+00
1.920194988614782458e+06
3.072311981783651933e+07
-1.536155990891825967e+07
4.608467972675479203e+07
0.000000000000000000e+00
7.680779954459129833e+06
0.000000000000000000e+00
3.072311981783651933e+07
-3.072311981783651933e+07
0.000000000000000000e+00
0.000000000000000000e+00
3.840389977229564916e+06
0.000000000000000000e+00
0.000000000000000000e+00
0.000000000000000000e+00
0.000000000000000000e+00
-1.920194988614782458e+06
7.680779954459129833e+06
0.000000000000000000e+00
-3.072311981783651933e+07
1.536155990891825967e+07
1.536155990891825967e+07
3.072311981783651933e+07
7.680779954459129833e+06
0.000000000000000000e+00
3.072311981783651933e+07
0.000000000000000000e+00
-2.304233986337739602e+07
0.000000000000000000e+00
0.000000000000000000e+00
0.000000000000000000e+00
-1.536155990891825967e+07
3.840389977229564916e+06
3.072311981783651933e+07
-7.680779954459129833e+06
-4.608467972675479203e+07
-3.072311981783651933e+07
1.536155990891825967e+07
0.000000000000000000e+00
3.072311981783651933e+07
0.000000000000000000e+00
-3.072311981783651933e+07
-7.680779954459129833e+06
1.536155990891825967e+07
-6.144623963567303866e+07
3.072311981783651933e+07
3.072311981783651933e+07
1.536155990891825967e+07
-2.880292482922174502e+06
9.600974943073912291e+05
0.000000000000000000e+00
3.072311981783651933e+07
0.000000000000000000e+00
1.536155990891825967e+07
3.072311981783651933e+07
3.072311981783651933e+07
7.680779954459129833e+06
0.000000000000000000e+00
-3.840389977229564916e+06
0.000000000000000000e+00
4.608467972675479203e+07
0.000000000000000000e+00
1.536155990891825967e+07
0.000000000000000000e+00
-1.536155990891825967e+07
0.000000000000000000e+00
0.000000000000000000e+00
1.536155990891825967e+07
0.000000000000000000e+00
2.304233986337739602e+07
-1.536155990891825967e+07
0.000000000000000000e+00
-3.072311981783651933e+07
0.000000000000000000e+00
6.144623963567303866e+07
0.000000000000000000e+00
0.000000000000000000e+00
0.000000000000000000e+00
0.000000000000000000e+00
4.800487471536956145e+05
0.000000000000000000e+00
0.000000000000000000e+00
0.000000000000000000e+00
0.000000000000000000e+00
0.000000000000000000e+00
7.680779954459129833e+06
0.000000000000000000e+00
0.000000000000000000e+00
