-3.650654223570514296e+04
-4.672672742610157002e+03
-7.014771684781517251e+03
6.369772913835718646e+04
3.390808277908832679e+04
-2.008870578386380657e+04
5.901982166169160337e+04
6.977201045371435612e+03
3.131506453953655000e+04
-5.021319909133266265e+03
-2.097228200097401896e+03
-4.319643835879573453e+04
-4.735778489966859343e+04
6.271119619326953398e+04
-1.374279280965371618e+04
1.604476393643386655e+04
2.814750236023430261e+03
-6.760290491196574294e+04
3.845877488129657286e+04
3.946098086442101339e+04
1.188199301896905854e+04
-2.378061783889030266e+04
-7.550777182777583948e+04
-1.466846434922277876e+04
-2.766565303978572956e+03
-7.740432561158094904e+04
4.128978274855558993e+04
-7.176539558758049679e+04
-2.043730215773521195e+04
1.604465672522268505e+04
5.999893491792540590e+04
-7.590312661842237867e+04
3.540252292233589742e+03
5.583786339021201275e+04
1.406039497953817227e+04
-3.251843289282702608e+04
2.832911176057591365e+04
2.833089881354361569e+04
7.842293219272125498e+03
1.788452701227026046e+04
-6.556667715583967220e+04
-6.729522750328092661e+04
-2.899047403479258355e+04
-1.145500326730374582e+04
2.302407085823275702e+04
3.294684695694749098e+04
1.945971995253720888e+04
-6.714329759608846507e+04
2.961780409570677148e+04
-1.212498197706784777e+04
4.262062075236947567e+04
-1.955555017964842045e+04
-6.524576272424690978e+04
3.924900578268065146e+04
4.534082865341063734e+04
-7.145716734203039960e+04
-2.935655574574317870e+04
3.901788383236637401e+03
-6.545825805606436188e+04
-2.043767850593123876e+04
-6.470367807605156486e+03
4.276883159091146081e+04
-5.647143219056441012e+04
-5.970631835975523427e+04
-6.811244058854151808e+04
-3.119659531213416631e+04
7.030140442297256959e+04
-5.829082922744126699e+04
-4.213033168401061994e+04
-6.205677902065421222e+03
1.787895221815874902e+04
4.973775030479649286e+04
5.878775900906879542e+04
2.039143462583792643e+04
3.195732187746008276e+04
6.223407832568846061e+03
-1.900265219508895098e+04
-3.277262060827018577e+05
1.604329929622006421e+04
4.102932269925406581e+04
3.902555739463154623e+03
-5.299923347993662901e+04
1.788467917046206639e+04
8.391074960960273529e+03
2.603369965571214561e+04
4.794384714040847757e+04
-3.542465942754213029e+04
1.262078940042152972e+05
2.526648291313376376e+03
4.003023981101812387e+04
2.878496593955077333e+04
6.663819261282250227e+04
-6.721312465750765114e+03
-1.444762596820495673e+04
3.472150650255787332e+04
5.952252461567417777e+04
3.595744628742540499e+03
-4.319637352599925362e+04
-2.577761376707487580e+04
3.529806111737767060e+04
-1.459535601268741593e+05
6.545993027626482217e+04
4.625203290185875085e+04
-5.979653915530861013e+03
3.420339695073942130e+04
-1.062983629809469130e+04
-1.961292743221798446e+03
-6.799618396249474608e+04
4.934771025268104131e+04
3.950642964909386501e+04
2.308769996999418800e+04
2.116484536963037317e+04
-7.275150733027182469e+03
3.681105379770882791e+03
-7.363752631436423690e+04
4.191265774544061424e+04
2.682389921275598681e+04
1.413739566941718513e+05
-7.786588875163916964e+04
6.123053099757107702e+04
-2.577787710240881279e+04
-3.694824318264990870e+04
3.763110953341921413e+04
-7.145815784700842050e+04
-3.251972167804928031e+05
-9.268080027553260152e+03
3.959358789743975649e+03
-6.714295101266645361e+04
8.295021292885143339e+03
4.132192068620912323e+03
4.870415249867668899e+04
-1.664607632827807902e+04
-2.045117421701871353e+04
9.897040472994798620e+03
3.301217367628964712e+04
-6.468349937005088577e+03
-7.274765173404742200e+03
-1.973971279936926294e+04
3.404675210183657327e+04
-3.649180193602543295e+04
-4.213049667427299573e+04
1.604569545248021677e+04
3.421146635143886670e+04
-5.198011385603342205e+04
3.814222286729808548e+04
4.243453996609019669e+04
3.421215808019872202e+04
-7.530487125336611643e+04
3.946104578693422081e+04
-3.535749111633749999e+04
3.235451696091217309e+04
6.709631942282896489e+04
1.370400008447877917e+04
3.015087474436229240e+04
-1.955419221648144958e+04
3.683219008474326984e+03
1.678097432022689827e+04
3.706134710361393809e+04
1.368470178097982171e+04
-1.628859768257393262e+04
8.295078349426892601e+03
-3.960320954226699541e+04
-1.062947703957041085e+04
5.908328411466933176e+03
-5.158457946714614081e+04
-6.570779866728694469e+04
4.182791359909041785e+04
8.058209451122967948e+03
3.827287100921646197e+04
1.859149476168844558e+03
-2.008397004762545985e+05
2.730383709380855180e+03
1.691883883517895447e+04
-1.374262835932011694e+04
1.076015370432308919e+04
8.626226089635831886e+04
6.766210305505753786e+04
6.147298840968981676e+04
1.838300834572029271e+04
-4.976772464680588746e+04
-3.119563835455465960e+04
-6.395167912122407870e+04
3.560526056800068909e+04
3.527612877571504941e+04
4.343408599057229731e+04
-1.664773357157263308e+04
9.897655433072395681e+03
-2.562106898281796384e+04
9.897254939288886817e+03
-2.044502066927689157e+04
6.757831543265345681e+04
1.992247875053573443e+04
4.519111917708602414e+04
4.519268993713680538e+04
-2.299617777718190700e+04
9.439427010801446158e+03
-2.571073575731254823e+04
-5.686380524558102479e+04
-6.140973837565386020e+03
1.006958814027497647e+04
-3.135976357712454774e+04
-5.222561859698718035e+04
3.627360821603771183e+04
-2.865281159169060265e+04
3.541428356378333319e+03
1.424521831200774759e+05
-8.158978192966804272e+03
-3.554004749774984521e+04
-5.689133150263249263e+03
-1.676016736878908705e+04
-1.050666463932884835e+04
-4.221403939533241100e+03
-1.974018370416853577e+04
3.586743243116883968e+04
-1.707754325948878613e+04
3.377915663648299233e+04
2.873648927051337978e+03
1.075976067008971040e+04
2.832971922358717711e+04
2.983793980567857216e+04
1.613132995471427421e+03
-2.472604104596670823e+03
