9.311016364312488556e+09
-1.023083271894163513e+10
-2.711674129313168526e+08
-1.228116236757721519e+10
3.059150108423696756e+08
-1.472384351475162506e+09
-4.735085265825286508e+08
5.691578299090580940e+08
7.874462054348352432e+09
-2.180648641071167946e+09
-1.535862966868583107e+10
-1.121153466158699417e+10
3.293121556961735725e+09
-1.075712376722787476e+10
-2.085360370626578331e+09
-8.161796091624403000e+07
5.296257524590455294e+08
2.029621356177092361e+10
0.000000000000000000e+00
0.000000000000000000e+00
0.000000000000000000e+00
-4.214411662164313793e+09
0.000000000000000000e+00
0.000000000000000000e+00
