-2.571268862690573558e+06
5.043737198464018293e+06
3.642810702701656148e+06
1.849394564712164691e+06
7.350062471807302791e+04
3.102472326317907777e+06
-1.669386065587849822e+06
-2.877266776875135954e+06
-1.153552833118388895e+06
9.059966482700108318e+05
5.957635762463351712e+05
-1.257334464907003334e+06
-1.284546951579543762e+06
-1.999448645836538868e+06
7.987401503724496579e+05
-1.525526410382344155e+06
2.310534576178161427e+06
-3.798800183054251596e+06
3.132960700895637274e-03
-4.357229918241500854e-04
-2.947500906884670258e-03
9.171397568038390091e+03
1.148020150139927864e-03
1.658616587519645691e-03
