4.421067064623782244e+03
-6.093949048785409104e+04
2.771210622725233407e+04
1.383843206472414749e+04
4.641186451579762797e+04
-3.941039526072191802e+04
2.739089803657116863e+04
3.403456101521334494e+04
-6.364658203959016828e+04
-3.839603614083818684e+03
2.126523676224289375e+03
-1.686223071006705868e+04
3.106378903477187851e+04
-8.128132510001899391e+03
-6.364658205558845657e+04
6.168793628953190819e+03
-8.929922790220083698e+03
4.144931385267917358e+04
2.574730084034623280e-11
0.000000000000000000e+00
2.574730084034623280e-11
0.000000000000000000e+00
0.000000000000000000e+00
0.000000000000000000e+00
