2.192610154862283671e+05
2.219716071952289785e+05
1.636536656880998053e+05
-2.375691428807200573e+05
-2.143627703486420214e+05
4.041992802843208774e+05
-1.034782531870686216e+04
3.525257791324357386e+05
7.940167454055554117e+04
-1.830668708780677989e+05
5.698700726686733833e+04
-6.065117919524986064e+03
-1.939604800584280747e+05
-2.184890651907458669e+05
3.614306550163220381e+05
1.503371290458282747e+05
1.952753416312572663e+05
9.931730574430848355e+04
6.746102480362934875e+04
-7.688227530795132043e+04
-3.353517555656760815e+05
1.913853671482487407e+05
1.840852373083325510e+05
7.223924947255451116e+03
-1.498505905152459745e+05
5.376819953600970330e+05
-2.127472984306714498e+05
-5.931967551084777806e+05
-1.642037272287371889e+04
-7.128140925243387464e+05
-1.049551531017188914e+06
2.566072033253900881e+05
1.496573642488881887e+05
-1.127409610458833340e+05
-7.169967211666516960e-04
-7.847283321134914331e+02
-1.569456250609601739e+03
-7.847282014819816141e+02
-4.593561825458891690e-04
2.315038000233471394e-05
-1.961819337843016910e+02
-1.569456329054206435e+03
3.923640633912818885e+02
-1.961820326721619494e+03
-4.414095387002018924e+02
-9.809102224535436108e+02
3.905687481164932251e-05
-1.569456224277979800e+03
1.569456289640177147e+03
-9.157927706837654114e-06
-2.476584631949663162e-05
-8.666154462844133377e-05
7.654831279069185257e-05
-8.441659156233072281e-05
-3.245988045819103718e-05
-1.569456176326077639e+03
2.942730881350675531e+02
1.961820368702884025e+03
-9.999924805015325546e-05
-3.561755875125527382e-05
-7.847282306695371972e+02
1.961820355212370941e+03
-1.569456369775600706e+03
-1.569456179737814182e+03
7.433933205902576447e-05
-7.847281638529686916e+02
6.538942398037761450e-05
-1.961820445248072701e+03
-2.491701161488890648e-05
1.294218236580491066e-06
8.233386324718594551e-05
7.847281727252753853e+02
-8.828190575278727010e+02
-7.847280763899085514e+02
-1.422319736670565590e+03
7.847281848296457838e+02
2.590188523754477501e-05
-1.961820386730706105e+03
3.923641758861365929e+02
-3.923640370678303384e+02
4.105822881683707237e-07
7.847281454023121796e+02
-2.158002385060968663e+03
-1.177092201810424967e+03
1.569456287038297660e+03
4.786692443303763866e-06
-7.847281138085471639e+02
-1.177092213668727027e+03
5.395005954275125077e+02
-9.809103177964384201e+01
-1.593979241962564970e+02
-7.847281391674226825e+02
-1.309144136030226946e-05
-3.923640535712422093e+02
-7.847281349406661093e+02
-1.569456294984034230e+03
-1.961820273182458436e+02
-7.847281379036146518e+02
5.395006153877619681e+02
4.414095461404930916e+02
-7.847281224566256697e+02
-1.026848985929973423e-05
-1.569456290612915382e+03
7.847281453155111421e+02
7.847281401480023533e+02
7.883809303166344762e-06
8.477509254589676857e-06
-7.847281346560877182e+02
1.128046715731172071e+03
-9.809101827334984591e+02
3.923640758441957246e+02
-3.691020538099110126e-06
7.847281339003302492e+02
-1.872060965979471803e-05
-7.847281442857192815e+02
-1.222943683387711644e-05
3.994791768491268158e-06
-8.291754056699573994e-06
3.923640789498344930e+02
-1.471365172665538523e+02
7.847281435607046660e+02
-2.237381704617291689e-05
-1.290874206461012363e-05
-3.573677531676366925e-06
2.611988929857034236e-05
-2.942730602671438760e+02
-1.284317113459110260e-05
1.067104012690833770e-04
