-3.290009066785153846e+04
1.126874923369074713e+04
3.919978480391682242e+05
1.225417338246529107e+04
2.109523258707910718e+05
5.048209514187311870e+05
-3.973846676565283269e+04
-6.867228424546254100e+05
4.713160915846830467e+05
1.384184984340150259e+05
1.060237501565376624e+04
-9.797500070641297498e+04
4.299987424808116630e+05
4.346426772008540865e+03
-1.168094923189910187e+05
-4.713559098383611854e+02
-3.949768209891866718e+04
-2.672249144904772984e+05
3.775098232680131914e+05
-1.377593968465459475e+05
-8.258284193505093572e+04
3.341489107721735490e+05
-3.919573593632733537e+04
-8.377281803867865528e+04
3.328826666578691802e+05
5.819758390513881750e+04
1.112324582760592602e+05
-1.341384235604710739e+04
4.859646083026108681e+04
3.624583968102317158e+04
4.694923662237955432e+04
-1.804449344858262048e+05
2.831925688694064738e+05
7.145362864401361730e+04
-3.276244401562806615e+03
-2.680563463108903761e+03
4.765449552806794600e+03
-4.643943102564662695e-04
9.530892510648500320e+03
-4.765446605709179494e+03
-4.765445862773603949e+03
2.215742133557796478e-04
1.260982826352119446e-04
4.765446425781266953e+03
-6.850328743890148871e+03
5.956807956752409154e+03
-2.382723246488502809e+03
-3.555670846253633499e-04
-4.765445979803387672e+03
-1.581460237503051758e-04
4.765446270928709055e+03
3.012949600815773010e-04
7.750371878501027822e-05
2.803459065034985542e-04
-2.382723361214269062e+03
8.935206539766230662e+02
-4.765446270457478931e+03
1.275556860491633415e-05
1.302861201111227274e-04
-6.687105633318424225e-05
-2.865432470571249723e-04
1.787042296027824477e+03
2.395160845480859280e-04
-1.187954330816864967e-04
