4.595225339315929413e+08
-1.258842374112695932e+09
5.429419922478867769e+08
4.133979576631784439e+06
-2.949156645106475055e+07
1.544699376107297838e+08
-2.795933809403829575e+08
-6.885881067927559614e+08
6.552833780143886805e+07
2.242312858173744380e+08
2.089549766341796517e+07
-2.004160615782930374e+09
-6.546084981487634182e+08
6.029556735617895424e+07
8.780611047195127010e+08
6.556074064304361343e+08
-3.580912368714769483e+08
-1.747812672464499712e+09
-2.217940390012174249e+08
-9.059973933681152761e+07
-1.355562995327069998e+09
-3.128355574069088101e+08
1.935996650841681361e+08
5.045735400533013344e+08
6.846382896793450415e+07
2.519205153696033359e+07
-5.804839090539660305e+07
-2.372089859735776782e+08
1.374148634700984240e+09
3.005290081615634561e+08
1.227622142031991005e+09
1.219806864999279499e+09
2.128967649858973920e+07
1.595573959009750485e+08
-1.417998212624997199e+08
0.000000000000000000e+00
1.701597855149997473e+09
0.000000000000000000e+00
5.671992850499988794e+08
0.000000000000000000e+00
-5.671992850499988794e+08
0.000000000000000000e+00
0.000000000000000000e+00
5.671992850499988794e+08
0.000000000000000000e+00
8.507989275749987364e+08
-5.671992850499988794e+08
0.000000000000000000e+00
-1.134398570099997759e+09
0.000000000000000000e+00
2.268797140199995518e+09
0.000000000000000000e+00
0.000000000000000000e+00
0.000000000000000000e+00
0.000000000000000000e+00
1.772497765781246498e+07
0.000000000000000000e+00
0.000000000000000000e+00
0.000000000000000000e+00
0.000000000000000000e+00
0.000000000000000000e+00
2.835996425249994397e+08
0.000000000000000000e+00
0.000000000000000000e+00
