5.605576321165007539e+06
-1.715976116394273937e+07
1.447497085898035578e+07
1.065744803178761154e+07
8.683680067569391802e+06
4.587627240782003850e+06
4.066636988357197959e+06
-1.480523857846218720e+07
-4.942996362529786304e+06
-5.119061559717424214e+07
-1.576401771212104149e+07
-9.448986235784443095e+06
-4.829186018827076070e+06
-2.923492773177943192e+06
5.679086663341002539e+06
4.260686849633327685e+06
-2.231545586070295423e+07
5.356007527675293386e+04
6.659332983976149932e+06
1.710322006196011975e+07
5.043060522116249427e+06
1.473254650875353813e+07
2.643873869600784779e+07
-1.355453254799377173e+07
-1.333865548750914261e+07
7.656716963904269971e+06
3.326946645775803365e+06
1.554959851811273396e+07
-5.596792435694255866e+06
1.730178354961609840e+07
-3.540054689176955074e+07
2.592381462460941076e+07
2.209656166689811740e+06
-1.020342857267116662e+06
0.000000000000000000e+00
1.051311050584969223e+08
1.314138813231211528e+07
5.256555252924846113e+07
0.000000000000000000e+00
0.000000000000000000e+00
3.285347033078028820e+06
5.256555252924846113e+07
-2.628277626462423056e+07
7.884832879387271404e+07
0.000000000000000000e+00
1.314138813231211528e+07
0.000000000000000000e+00
5.256555252924846113e+07
-5.256555252924846113e+07
0.000000000000000000e+00
0.000000000000000000e+00
6.570694066156057641e+06
0.000000000000000000e+00
0.000000000000000000e+00
0.000000000000000000e+00
0.000000000000000000e+00
-3.285347033078028820e+06
1.314138813231211528e+07
0.000000000000000000e+00
-5.256555252924846113e+07
2.628277626462423056e+07
2.628277626462423056e+07
5.256555252924846113e+07
1.314138813231211528e+07
0.000000000000000000e+00
5.256555252924846113e+07
0.000000000000000000e+00
-3.942416439693635702e+07
0.000000000000000000e+00
0.000000000000000000e+00
0.000000000000000000e+00
-2.628277626462423056e+07
6.570694066156057641e+06
5.256555252924846113e+07
-1.314138813231211528e+07
-7.884832879387271404e+07
-5.256555252924846113e+07
2.628277626462423056e+07
0.000000000000000000e+00
5.256555252924846113e+07
0.000000000000000000e+00
-5.256555252924846113e+07
-1.314138813231211528e+07
2.628277626462423056e+07
-1.051311050584969223e+08
5.256555252924846113e+07
5.256555252924846113e+07
2.628277626462423056e+07
-4.928020549617044628e+06
1.642673516539014410e+06
0.000000000000000000e+00
5.256555252924846113e+07
0.000000000000000000e+00
2.628277626462423056e+07
5.256555252924846113e+07
5.256555252924846113e+07
1.314138813231211528e+07
0.000000000000000000e+00
-6.570694066156057641e+06
0.000000000000000000e+00
7.884832879387271404e+07
0.000000000000000000e+00
2.628277626462423056e+07
0.000000000000000000e+00
-2.628277626462423056e+07
0.000000000000000000e+00
0.000000000000000000e+00
2.628277626462423056e+07
0.000000000000000000e+00
3.942416439693635702e+07
-2.628277626462423056e+07
0.000000000000000000e+00
-5.256555252924846113e+07
0.000000000000000000e+00
1.051311050584969223e+08
0.000000000000000000e+00
0.000000000000000000e+00
0.000000000000000000e+00
0.000000000000000000e+00
8.213367582695072051e+05
0.000000000000000000e+00
0.000000000000000000e+00
0.000000000000000000e+00
0.000000000000000000e+00
0.000000000000000000e+00
1.314138813231211528e+07
0.000000000000000000e+00
0.000000000000000000e+00
