8.579547865204863250e+07
-2.351569529026204944e+08
1.013916058109516054e+08
6.507471758050024509e+05
-5.547585580619545653e+06
2.858631302996612340e+07
-5.225754108401475847e+07
-1.287400860804559290e+08
1.265304723242945969e+07
4.184095741575539112e+07
4.122259983642250299e+06
-3.744776497518414259e+08
-1.222174280046486855e+08
1.124862815771733969e+07
1.639912628816328943e+08
1.224125854408139437e+08
-6.660201463983996212e+07
-3.263982991291561127e+08
-4.126080748328778148e+07
-1.704916635082428902e+07
-2.531367047736883163e+08
-5.846855336116664857e+07
3.612830367732622474e+07
9.411927555696651340e+07
1.288241938723304868e+07
4.701099519781794399e+06
-1.076248310726455599e+07
-4.434356225766966492e+07
2.566384483869623244e+08
5.600929459391310811e+07
2.292712761577471197e+08
2.278115945163026452e+08
4.140633474531764165e+06
2.978576795339198411e+07
-2.648435828447173536e+07
0.000000000000000000e+00
3.178122994136608839e+08
0.000000000000000000e+00
1.059374331378869414e+08
0.000000000000000000e+00
-1.059374331378869414e+08
0.000000000000000000e+00
0.000000000000000000e+00
1.059374331378869414e+08
0.000000000000000000e+00
1.589061497068304420e+08
-1.059374331378869414e+08
0.000000000000000000e+00
-2.118748662757738829e+08
0.000000000000000000e+00
4.237497325515477657e+08
0.000000000000000000e+00
0.000000000000000000e+00
0.000000000000000000e+00
0.000000000000000000e+00
3.310544785558966920e+06
0.000000000000000000e+00
0.000000000000000000e+00
0.000000000000000000e+00
0.000000000000000000e+00
0.000000000000000000e+00
5.296871656894347072e+07
0.000000000000000000e+00
0.000000000000000000e+00
