8.000000000000000000e+00
1.600000000000000000e+01
3.100000000000000000e+01
4.100000000000000000e+01
4.200000000000000000e+01
4.600000000000000000e+01
4.800000000000000000e+01
5.500000000000000000e+01
5.600000000000000000e+01
5.900000000000000000e+01
6.200000000000000000e+01
7.300000000000000000e+01
7.400000000000000000e+01
7.600000000000000000e+01
8.000000000000000000e+01
8.500000000000000000e+01
8.700000000000000000e+01
8.800000000000000000e+01
8.900000000000000000e+01
9.200000000000000000e+01
9.600000000000000000e+01
1.020000000000000000e+02
1.050000000000000000e+02
1.090000000000000000e+02
1.150000000000000000e+02
1.200000000000000000e+02
1.280000000000000000e+02
1.440000000000000000e+02
1.450000000000000000e+02
1.480000000000000000e+02
1.570000000000000000e+02
1.590000000000000000e+02
1.620000000000000000e+02
1.630000000000000000e+02
1.650000000000000000e+02
1.850000000000000000e+02
1.910000000000000000e+02
1.960000000000000000e+02
2.030000000000000000e+02
2.050000000000000000e+02
2.100000000000000000e+02
2.130000000000000000e+02
2.300000000000000000e+02
2.590000000000000000e+02
2.650000000000000000e+02
2.750000000000000000e+02
2.840000000000000000e+02
2.850000000000000000e+02
2.860000000000000000e+02
2.920000000000000000e+02
2.930000000000000000e+02
2.960000000000000000e+02
3.000000000000000000e+02
3.120000000000000000e+02
3.130000000000000000e+02
3.160000000000000000e+02
3.230000000000000000e+02
3.260000000000000000e+02
3.410000000000000000e+02
3.750000000000000000e+02
3.760000000000000000e+02
3.820000000000000000e+02
3.880000000000000000e+02
3.900000000000000000e+02
3.950000000000000000e+02
4.070000000000000000e+02
4.090000000000000000e+02
4.110000000000000000e+02
4.130000000000000000e+02
4.270000000000000000e+02
4.390000000000000000e+02
4.420000000000000000e+02
4.480000000000000000e+02
4.610000000000000000e+02
4.660000000000000000e+02
4.670000000000000000e+02
4.720000000000000000e+02
4.760000000000000000e+02
4.780000000000000000e+02
4.810000000000000000e+02
5.090000000000000000e+02
5.120000000000000000e+02
5.160000000000000000e+02
5.220000000000000000e+02
5.340000000000000000e+02
5.430000000000000000e+02
5.600000000000000000e+02
5.670000000000000000e+02
5.750000000000000000e+02
5.800000000000000000e+02
5.810000000000000000e+02
5.840000000000000000e+02
5.960000000000000000e+02
6.110000000000000000e+02
6.140000000000000000e+02
6.180000000000000000e+02
6.220000000000000000e+02
6.380000000000000000e+02
6.480000000000000000e+02
6.500000000000000000e+02
6.510000000000000000e+02
6.720000000000000000e+02
6.840000000000000000e+02
6.880000000000000000e+02
6.910000000000000000e+02
6.920000000000000000e+02
6.950000000000000000e+02
6.990000000000000000e+02
7.120000000000000000e+02
7.160000000000000000e+02
7.190000000000000000e+02
7.200000000000000000e+02
7.220000000000000000e+02
7.240000000000000000e+02
7.430000000000000000e+02
7.480000000000000000e+02
7.530000000000000000e+02
7.580000000000000000e+02
7.590000000000000000e+02
7.630000000000000000e+02
7.680000000000000000e+02
7.690000000000000000e+02
7.720000000000000000e+02
7.740000000000000000e+02
7.750000000000000000e+02
7.850000000000000000e+02
7.900000000000000000e+02
7.970000000000000000e+02
8.050000000000000000e+02
8.090000000000000000e+02
8.150000000000000000e+02
8.190000000000000000e+02
8.210000000000000000e+02
8.220000000000000000e+02
8.250000000000000000e+02
8.280000000000000000e+02
8.380000000000000000e+02
8.420000000000000000e+02
8.460000000000000000e+02
8.500000000000000000e+02
8.610000000000000000e+02
8.650000000000000000e+02
8.690000000000000000e+02
8.780000000000000000e+02
8.820000000000000000e+02
8.850000000000000000e+02
8.870000000000000000e+02
8.920000000000000000e+02
8.930000000000000000e+02
8.980000000000000000e+02
9.020000000000000000e+02
9.030000000000000000e+02
9.120000000000000000e+02
9.180000000000000000e+02
9.210000000000000000e+02
9.460000000000000000e+02
9.490000000000000000e+02
9.520000000000000000e+02
9.560000000000000000e+02
9.580000000000000000e+02
9.650000000000000000e+02
9.700000000000000000e+02
9.760000000000000000e+02
9.810000000000000000e+02
9.820000000000000000e+02
9.860000000000000000e+02
9.940000000000000000e+02
9.970000000000000000e+02
9.980000000000000000e+02
9.990000000000000000e+02
1.008000000000000000e+03
1.023000000000000000e+03
1.025000000000000000e+03
1.026000000000000000e+03
1.040000000000000000e+03
1.041000000000000000e+03
1.061000000000000000e+03
1.073000000000000000e+03
1.076000000000000000e+03
1.087000000000000000e+03
1.094000000000000000e+03
1.099000000000000000e+03
1.114000000000000000e+03
1.116000000000000000e+03
1.118000000000000000e+03
1.125000000000000000e+03
1.132000000000000000e+03
1.136000000000000000e+03
1.138000000000000000e+03
1.142000000000000000e+03
1.144000000000000000e+03
1.148000000000000000e+03
1.152000000000000000e+03
1.158000000000000000e+03
1.159000000000000000e+03
1.187000000000000000e+03
1.194000000000000000e+03
1.199000000000000000e+03
1.202000000000000000e+03
1.208000000000000000e+03
1.211000000000000000e+03
1.222000000000000000e+03
1.230000000000000000e+03
1.232000000000000000e+03
1.241000000000000000e+03
1.242000000000000000e+03
1.247000000000000000e+03
1.254000000000000000e+03
1.256000000000000000e+03
1.258000000000000000e+03
1.264000000000000000e+03
1.271000000000000000e+03
1.274000000000000000e+03
1.280000000000000000e+03
1.289000000000000000e+03
1.300000000000000000e+03
1.330000000000000000e+03
1.349000000000000000e+03
1.354000000000000000e+03
1.355000000000000000e+03
1.365000000000000000e+03
1.372000000000000000e+03
1.377000000000000000e+03
1.381000000000000000e+03
1.385000000000000000e+03
1.397000000000000000e+03
1.407000000000000000e+03
1.408000000000000000e+03
1.413000000000000000e+03
1.415000000000000000e+03
1.430000000000000000e+03
1.434000000000000000e+03
1.448000000000000000e+03
1.455000000000000000e+03
1.461000000000000000e+03
1.474000000000000000e+03
1.491000000000000000e+03
1.500000000000000000e+03
1.512000000000000000e+03
1.516000000000000000e+03
1.517000000000000000e+03
1.523000000000000000e+03
1.525000000000000000e+03
1.529000000000000000e+03
1.542000000000000000e+03
1.552000000000000000e+03
1.553000000000000000e+03
1.563000000000000000e+03
1.572000000000000000e+03
1.576000000000000000e+03
1.580000000000000000e+03
1.592000000000000000e+03
1.598000000000000000e+03
1.599000000000000000e+03
1.602000000000000000e+03
1.621000000000000000e+03
1.628000000000000000e+03
1.630000000000000000e+03
1.641000000000000000e+03
1.659000000000000000e+03
1.661000000000000000e+03
1.670000000000000000e+03
1.671000000000000000e+03
1.681000000000000000e+03
1.701000000000000000e+03
1.703000000000000000e+03
1.707000000000000000e+03
1.715000000000000000e+03
1.722000000000000000e+03
1.733000000000000000e+03
1.737000000000000000e+03
1.738000000000000000e+03
1.739000000000000000e+03
1.749000000000000000e+03
1.750000000000000000e+03
1.752000000000000000e+03
1.753000000000000000e+03
1.758000000000000000e+03
1.762000000000000000e+03
1.767000000000000000e+03
1.769000000000000000e+03
1.780000000000000000e+03
1.781000000000000000e+03
1.782000000000000000e+03
1.793000000000000000e+03
1.800000000000000000e+03
1.801000000000000000e+03
1.803000000000000000e+03
1.805000000000000000e+03
1.809000000000000000e+03
1.815000000000000000e+03
1.819000000000000000e+03
1.820000000000000000e+03
1.822000000000000000e+03
1.834000000000000000e+03
1.838000000000000000e+03
1.841000000000000000e+03
1.847000000000000000e+03
1.851000000000000000e+03
1.855000000000000000e+03
1.862000000000000000e+03
1.870000000000000000e+03
1.879000000000000000e+03
1.881000000000000000e+03
1.888000000000000000e+03
1.892000000000000000e+03
1.902000000000000000e+03
1.909000000000000000e+03
1.910000000000000000e+03
1.921000000000000000e+03
1.929000000000000000e+03
1.939000000000000000e+03
1.943000000000000000e+03
1.945000000000000000e+03
1.947000000000000000e+03
1.949000000000000000e+03
1.950000000000000000e+03
1.954000000000000000e+03
1.955000000000000000e+03
1.957000000000000000e+03
1.963000000000000000e+03
1.965000000000000000e+03
1.968000000000000000e+03
1.969000000000000000e+03
1.975000000000000000e+03
1.978000000000000000e+03
1.998000000000000000e+03
1.999000000000000000e+03
2.002000000000000000e+03
2.005000000000000000e+03
2.017000000000000000e+03
2.033000000000000000e+03
2.035000000000000000e+03
2.051000000000000000e+03
2.054000000000000000e+03
2.056000000000000000e+03
2.058000000000000000e+03
2.066000000000000000e+03
2.069000000000000000e+03
2.082000000000000000e+03
2.084000000000000000e+03
2.086000000000000000e+03
2.088000000000000000e+03
2.093000000000000000e+03
2.099000000000000000e+03
2.103000000000000000e+03
2.104000000000000000e+03
2.109000000000000000e+03
2.111000000000000000e+03
2.113000000000000000e+03
2.121000000000000000e+03
2.126000000000000000e+03
2.130000000000000000e+03
2.142000000000000000e+03
2.144000000000000000e+03
2.162000000000000000e+03
2.163000000000000000e+03
2.169000000000000000e+03
2.171000000000000000e+03
2.177000000000000000e+03
2.188000000000000000e+03
2.194000000000000000e+03
2.218000000000000000e+03
2.219000000000000000e+03
2.220000000000000000e+03
2.227000000000000000e+03
2.231000000000000000e+03
2.238000000000000000e+03
2.246000000000000000e+03
2.249000000000000000e+03
2.257000000000000000e+03
2.260000000000000000e+03
2.261000000000000000e+03
2.262000000000000000e+03
2.267000000000000000e+03
2.286000000000000000e+03
2.290000000000000000e+03
2.291000000000000000e+03
2.298000000000000000e+03
2.306000000000000000e+03
2.310000000000000000e+03
2.315000000000000000e+03
2.323000000000000000e+03
2.332000000000000000e+03
2.333000000000000000e+03
2.336000000000000000e+03
2.337000000000000000e+03
2.355000000000000000e+03
2.365000000000000000e+03
2.369000000000000000e+03
2.370000000000000000e+03
2.372000000000000000e+03
2.383000000000000000e+03
2.389000000000000000e+03
2.391000000000000000e+03
2.395000000000000000e+03
2.405000000000000000e+03
2.407000000000000000e+03
2.408000000000000000e+03
2.409000000000000000e+03
2.420000000000000000e+03
2.422000000000000000e+03
2.427000000000000000e+03
2.430000000000000000e+03
2.445000000000000000e+03
2.448000000000000000e+03
2.453000000000000000e+03
2.464000000000000000e+03
2.468000000000000000e+03
2.471000000000000000e+03
2.472000000000000000e+03
2.483000000000000000e+03
2.486000000000000000e+03
2.488000000000000000e+03
2.493000000000000000e+03
2.500000000000000000e+03
2.503000000000000000e+03
2.527000000000000000e+03
2.539000000000000000e+03
2.545000000000000000e+03
2.553000000000000000e+03
2.564000000000000000e+03
2.566000000000000000e+03
2.569000000000000000e+03
2.571000000000000000e+03
2.580000000000000000e+03
2.608000000000000000e+03
2.610000000000000000e+03
2.611000000000000000e+03
2.617000000000000000e+03
2.619000000000000000e+03
2.620000000000000000e+03
2.622000000000000000e+03
2.628000000000000000e+03
2.639000000000000000e+03
2.645000000000000000e+03
2.666000000000000000e+03
2.667000000000000000e+03
2.668000000000000000e+03
2.683000000000000000e+03
2.685000000000000000e+03
2.686000000000000000e+03
2.693000000000000000e+03
2.696000000000000000e+03
2.698000000000000000e+03
2.702000000000000000e+03
2.703000000000000000e+03
2.711000000000000000e+03
2.715000000000000000e+03
2.716000000000000000e+03
2.718000000000000000e+03
2.727000000000000000e+03
2.745000000000000000e+03
2.761000000000000000e+03
2.763000000000000000e+03
2.764000000000000000e+03
2.768000000000000000e+03
2.775000000000000000e+03
2.777000000000000000e+03
2.779000000000000000e+03
2.792000000000000000e+03
2.812000000000000000e+03
2.814000000000000000e+03
2.844000000000000000e+03
2.845000000000000000e+03
2.858000000000000000e+03
2.859000000000000000e+03
2.861000000000000000e+03
2.865000000000000000e+03
2.867000000000000000e+03
2.868000000000000000e+03
2.870000000000000000e+03
2.872000000000000000e+03
2.898000000000000000e+03
2.899000000000000000e+03
2.902000000000000000e+03
2.909000000000000000e+03
2.921000000000000000e+03
2.934000000000000000e+03
2.935000000000000000e+03
2.952000000000000000e+03
2.954000000000000000e+03
2.958000000000000000e+03
2.959000000000000000e+03
2.972000000000000000e+03
2.976000000000000000e+03
2.981000000000000000e+03
2.988000000000000000e+03
2.994000000000000000e+03
2.998000000000000000e+03
3.002000000000000000e+03
3.013000000000000000e+03
3.023000000000000000e+03
3.034000000000000000e+03
3.035000000000000000e+03
3.048000000000000000e+03
3.059000000000000000e+03
3.078000000000000000e+03
3.094000000000000000e+03
3.105000000000000000e+03
3.111000000000000000e+03
3.115000000000000000e+03
3.120000000000000000e+03
3.122000000000000000e+03
3.128000000000000000e+03
3.137000000000000000e+03
3.142000000000000000e+03
3.143000000000000000e+03
3.145000000000000000e+03
3.150000000000000000e+03
3.178000000000000000e+03
3.181000000000000000e+03
3.183000000000000000e+03
3.187000000000000000e+03
3.195000000000000000e+03
3.212000000000000000e+03
3.215000000000000000e+03
3.220000000000000000e+03
3.230000000000000000e+03
3.240000000000000000e+03
3.242000000000000000e+03
3.244000000000000000e+03
3.257000000000000000e+03
3.259000000000000000e+03
3.276000000000000000e+03
3.294000000000000000e+03
3.313000000000000000e+03
3.326000000000000000e+03
3.327000000000000000e+03
3.328000000000000000e+03
3.339000000000000000e+03
3.341000000000000000e+03
3.346000000000000000e+03
3.350000000000000000e+03
3.374000000000000000e+03
3.383000000000000000e+03
3.386000000000000000e+03
3.392000000000000000e+03
3.394000000000000000e+03
3.397000000000000000e+03
3.398000000000000000e+03
3.409000000000000000e+03
3.410000000000000000e+03
3.412000000000000000e+03
3.414000000000000000e+03
3.418000000000000000e+03
3.422000000000000000e+03
3.428000000000000000e+03
3.431000000000000000e+03
3.434000000000000000e+03
3.442000000000000000e+03
3.446000000000000000e+03
3.447000000000000000e+03
3.451000000000000000e+03
3.455000000000000000e+03
3.457000000000000000e+03
3.466000000000000000e+03
3.475000000000000000e+03
3.477000000000000000e+03
3.485000000000000000e+03
3.487000000000000000e+03
3.502000000000000000e+03
3.509000000000000000e+03
3.519000000000000000e+03
3.532000000000000000e+03
3.542000000000000000e+03
3.549000000000000000e+03
3.555000000000000000e+03
3.563000000000000000e+03
3.564000000000000000e+03
3.566000000000000000e+03
3.567000000000000000e+03
3.579000000000000000e+03
3.580000000000000000e+03
3.621000000000000000e+03
3.622000000000000000e+03
3.627000000000000000e+03
3.628000000000000000e+03
3.633000000000000000e+03
3.637000000000000000e+03
3.639000000000000000e+03
3.642000000000000000e+03
3.651000000000000000e+03
3.667000000000000000e+03
3.669000000000000000e+03
3.679000000000000000e+03
3.683000000000000000e+03
3.693000000000000000e+03
3.700000000000000000e+03
3.703000000000000000e+03
3.704000000000000000e+03
3.706000000000000000e+03
3.721000000000000000e+03
3.723000000000000000e+03
3.747000000000000000e+03
3.749000000000000000e+03
3.753000000000000000e+03
3.756000000000000000e+03
3.761000000000000000e+03
3.764000000000000000e+03
3.767000000000000000e+03
3.771000000000000000e+03
3.773000000000000000e+03
3.781000000000000000e+03
3.808000000000000000e+03
3.816000000000000000e+03
3.829000000000000000e+03
3.834000000000000000e+03
3.842000000000000000e+03
3.853000000000000000e+03
3.856000000000000000e+03
3.865000000000000000e+03
3.875000000000000000e+03
3.878000000000000000e+03
3.880000000000000000e+03
3.887000000000000000e+03
3.894000000000000000e+03
3.896000000000000000e+03
3.897000000000000000e+03
3.903000000000000000e+03
3.907000000000000000e+03
3.926000000000000000e+03
3.940000000000000000e+03
3.943000000000000000e+03
3.947000000000000000e+03
3.951000000000000000e+03
3.955000000000000000e+03
3.965000000000000000e+03
3.968000000000000000e+03
3.971000000000000000e+03
3.972000000000000000e+03
3.975000000000000000e+03
3.980000000000000000e+03
4.000000000000000000e+03
4.003000000000000000e+03
4.005000000000000000e+03
4.019000000000000000e+03
4.021000000000000000e+03
4.030000000000000000e+03
4.056000000000000000e+03
4.057000000000000000e+03
4.060000000000000000e+03
4.075000000000000000e+03
4.076000000000000000e+03
4.081000000000000000e+03
4.083000000000000000e+03
4.084000000000000000e+03
4.085000000000000000e+03
4.093000000000000000e+03
4.097000000000000000e+03
4.099000000000000000e+03
4.113000000000000000e+03
4.121000000000000000e+03
4.124000000000000000e+03
4.140000000000000000e+03
4.141000000000000000e+03
4.149000000000000000e+03
4.152000000000000000e+03
4.161000000000000000e+03
4.171000000000000000e+03
4.186000000000000000e+03
4.195000000000000000e+03
4.207000000000000000e+03
4.209000000000000000e+03
4.215000000000000000e+03
4.216000000000000000e+03
4.235000000000000000e+03
4.250000000000000000e+03
4.258000000000000000e+03
4.262000000000000000e+03
4.301000000000000000e+03
4.304000000000000000e+03
4.310000000000000000e+03
4.312000000000000000e+03
4.319000000000000000e+03
4.325000000000000000e+03
4.335000000000000000e+03
4.347000000000000000e+03
4.349000000000000000e+03
4.351000000000000000e+03
4.354000000000000000e+03
4.368000000000000000e+03
4.377000000000000000e+03
4.378000000000000000e+03
4.393000000000000000e+03
4.397000000000000000e+03
4.404000000000000000e+03
4.412000000000000000e+03
4.416000000000000000e+03
4.426000000000000000e+03
4.437000000000000000e+03
4.447000000000000000e+03
4.449000000000000000e+03
4.451000000000000000e+03
4.458000000000000000e+03
4.470000000000000000e+03
4.487000000000000000e+03
4.495000000000000000e+03
4.499000000000000000e+03
4.503000000000000000e+03
4.510000000000000000e+03
4.521000000000000000e+03
4.529000000000000000e+03
4.535000000000000000e+03
4.539000000000000000e+03
4.540000000000000000e+03
4.541000000000000000e+03
4.544000000000000000e+03
4.551000000000000000e+03
4.558000000000000000e+03
4.564000000000000000e+03
4.580000000000000000e+03
4.585000000000000000e+03
4.589000000000000000e+03
4.601000000000000000e+03
4.603000000000000000e+03
4.604000000000000000e+03
4.607000000000000000e+03
4.611000000000000000e+03
4.621000000000000000e+03
4.632000000000000000e+03
4.635000000000000000e+03
4.644000000000000000e+03
4.656000000000000000e+03
4.672000000000000000e+03
4.680000000000000000e+03
4.698000000000000000e+03
4.701000000000000000e+03
4.709000000000000000e+03
4.712000000000000000e+03
4.731000000000000000e+03
4.734000000000000000e+03
4.735000000000000000e+03
4.745000000000000000e+03
4.746000000000000000e+03
4.752000000000000000e+03
4.753000000000000000e+03
4.762000000000000000e+03
4.763000000000000000e+03
4.769000000000000000e+03
4.776000000000000000e+03
4.777000000000000000e+03
4.792000000000000000e+03
4.798000000000000000e+03
4.804000000000000000e+03
4.807000000000000000e+03
4.812000000000000000e+03
4.814000000000000000e+03
4.815000000000000000e+03
4.823000000000000000e+03
4.834000000000000000e+03
4.835000000000000000e+03
4.839000000000000000e+03
4.846000000000000000e+03
4.849000000000000000e+03
4.856000000000000000e+03
4.857000000000000000e+03
4.868000000000000000e+03
4.871000000000000000e+03
4.873000000000000000e+03
4.875000000000000000e+03
4.881000000000000000e+03
4.882000000000000000e+03
4.885000000000000000e+03
4.886000000000000000e+03
4.891000000000000000e+03
4.903000000000000000e+03
4.914000000000000000e+03
4.919000000000000000e+03
4.920000000000000000e+03
4.921000000000000000e+03
4.924000000000000000e+03
4.927000000000000000e+03
4.937000000000000000e+03
4.955000000000000000e+03
4.962000000000000000e+03
4.963000000000000000e+03
4.983000000000000000e+03
4.990000000000000000e+03
4.996000000000000000e+03
5.012000000000000000e+03
5.016000000000000000e+03
5.017000000000000000e+03
5.025000000000000000e+03
5.042000000000000000e+03
5.046000000000000000e+03
5.048000000000000000e+03
5.058000000000000000e+03
5.061000000000000000e+03
5.063000000000000000e+03
5.072000000000000000e+03
5.080000000000000000e+03
5.086000000000000000e+03
5.099000000000000000e+03
5.102000000000000000e+03
5.107000000000000000e+03
5.116000000000000000e+03
5.123000000000000000e+03
5.124000000000000000e+03
5.132000000000000000e+03
5.138000000000000000e+03
5.143000000000000000e+03
5.146000000000000000e+03
5.154000000000000000e+03
5.158000000000000000e+03
5.162000000000000000e+03
5.166000000000000000e+03
5.173000000000000000e+03
5.180000000000000000e+03
5.185000000000000000e+03
5.195000000000000000e+03
5.196000000000000000e+03
5.198000000000000000e+03
5.203000000000000000e+03
5.213000000000000000e+03
5.215000000000000000e+03
5.230000000000000000e+03
5.233000000000000000e+03
5.237000000000000000e+03
5.242000000000000000e+03
5.254000000000000000e+03
5.260000000000000000e+03
5.269000000000000000e+03
5.270000000000000000e+03
5.271000000000000000e+03
5.272000000000000000e+03
5.274000000000000000e+03
5.277000000000000000e+03
5.279000000000000000e+03
5.289000000000000000e+03
5.299000000000000000e+03
5.308000000000000000e+03
5.312000000000000000e+03
5.321000000000000000e+03
5.331000000000000000e+03
5.349000000000000000e+03
5.353000000000000000e+03
5.355000000000000000e+03
5.370000000000000000e+03
5.374000000000000000e+03
5.377000000000000000e+03
5.383000000000000000e+03
5.386000000000000000e+03
5.387000000000000000e+03
5.389000000000000000e+03
5.391000000000000000e+03
5.392000000000000000e+03
5.394000000000000000e+03
5.396000000000000000e+03
5.398000000000000000e+03
5.399000000000000000e+03
5.403000000000000000e+03
5.407000000000000000e+03
5.409000000000000000e+03
5.412000000000000000e+03
5.418000000000000000e+03
5.442000000000000000e+03
5.445000000000000000e+03
5.446000000000000000e+03
5.454000000000000000e+03
5.458000000000000000e+03
5.459000000000000000e+03
5.461000000000000000e+03
5.474000000000000000e+03
5.477000000000000000e+03
5.479000000000000000e+03
5.483000000000000000e+03
5.484000000000000000e+03
5.487000000000000000e+03
5.502000000000000000e+03
5.517000000000000000e+03
5.523000000000000000e+03
5.524000000000000000e+03
5.532000000000000000e+03
5.541000000000000000e+03
5.547000000000000000e+03
5.548000000000000000e+03
5.552000000000000000e+03
5.558000000000000000e+03
5.562000000000000000e+03
5.563000000000000000e+03
5.568000000000000000e+03
5.579000000000000000e+03
5.585000000000000000e+03
5.591000000000000000e+03
5.592000000000000000e+03
5.594000000000000000e+03
5.606000000000000000e+03
5.619000000000000000e+03
5.627000000000000000e+03
5.630000000000000000e+03
5.647000000000000000e+03
5.670000000000000000e+03
5.681000000000000000e+03
5.683000000000000000e+03
5.686000000000000000e+03
5.687000000000000000e+03
5.689000000000000000e+03
5.690000000000000000e+03
5.698000000000000000e+03
5.702000000000000000e+03
5.705000000000000000e+03
5.718000000000000000e+03
5.719000000000000000e+03
5.732000000000000000e+03
5.733000000000000000e+03
5.742000000000000000e+03
5.743000000000000000e+03
5.744000000000000000e+03
5.745000000000000000e+03
5.751000000000000000e+03
5.754000000000000000e+03
5.783000000000000000e+03
5.788000000000000000e+03
5.789000000000000000e+03
5.795000000000000000e+03
5.804000000000000000e+03
5.813000000000000000e+03
5.815000000000000000e+03
5.826000000000000000e+03
5.829000000000000000e+03
5.839000000000000000e+03
5.843000000000000000e+03
5.844000000000000000e+03
5.845000000000000000e+03
5.848000000000000000e+03
5.853000000000000000e+03
5.862000000000000000e+03
5.865000000000000000e+03
5.868000000000000000e+03
5.874000000000000000e+03
5.881000000000000000e+03
5.883000000000000000e+03
5.886000000000000000e+03
5.889000000000000000e+03
5.896000000000000000e+03
5.899000000000000000e+03
5.903000000000000000e+03
5.917000000000000000e+03
5.919000000000000000e+03
5.926000000000000000e+03
5.932000000000000000e+03
5.950000000000000000e+03
5.959000000000000000e+03
5.967000000000000000e+03
5.968000000000000000e+03
5.974000000000000000e+03
5.981000000000000000e+03
5.983000000000000000e+03
5.984000000000000000e+03
5.988000000000000000e+03
5.997000000000000000e+03
6.009000000000000000e+03
6.014000000000000000e+03
6.020000000000000000e+03
6.034000000000000000e+03
6.038000000000000000e+03
6.044000000000000000e+03
6.050000000000000000e+03
6.051000000000000000e+03
6.053000000000000000e+03
6.056000000000000000e+03
6.058000000000000000e+03
6.059000000000000000e+03
6.062000000000000000e+03
6.063000000000000000e+03
6.072000000000000000e+03
6.078000000000000000e+03
6.093000000000000000e+03
6.100000000000000000e+03
6.114000000000000000e+03
6.115000000000000000e+03
6.122000000000000000e+03
6.143000000000000000e+03
6.167000000000000000e+03
6.172000000000000000e+03
6.179000000000000000e+03
6.180000000000000000e+03
6.181000000000000000e+03
6.187000000000000000e+03
6.188000000000000000e+03
6.190000000000000000e+03
6.196000000000000000e+03
6.198000000000000000e+03
6.200000000000000000e+03
6.205000000000000000e+03
6.210000000000000000e+03
6.213000000000000000e+03
6.216000000000000000e+03
6.224000000000000000e+03
6.230000000000000000e+03
6.231000000000000000e+03
6.235000000000000000e+03
6.236000000000000000e+03
6.243000000000000000e+03
6.257000000000000000e+03
6.268000000000000000e+03
6.275000000000000000e+03
6.278000000000000000e+03
6.283000000000000000e+03
6.285000000000000000e+03
6.292000000000000000e+03
6.297000000000000000e+03
6.298000000000000000e+03
6.301000000000000000e+03
6.313000000000000000e+03
6.314000000000000000e+03
6.323000000000000000e+03
6.326000000000000000e+03
6.346000000000000000e+03
6.347000000000000000e+03
6.348000000000000000e+03
6.349000000000000000e+03
6.353000000000000000e+03
6.355000000000000000e+03
6.357000000000000000e+03
6.361000000000000000e+03
6.373000000000000000e+03
6.376000000000000000e+03
6.385000000000000000e+03
6.398000000000000000e+03
6.399000000000000000e+03
6.401000000000000000e+03
6.410000000000000000e+03
6.412000000000000000e+03
6.435000000000000000e+03
6.438000000000000000e+03
6.442000000000000000e+03
6.445000000000000000e+03
6.454000000000000000e+03
6.455000000000000000e+03
6.457000000000000000e+03
6.475000000000000000e+03
6.476000000000000000e+03
6.478000000000000000e+03
6.484000000000000000e+03
6.498000000000000000e+03
6.505000000000000000e+03
6.511000000000000000e+03
6.513000000000000000e+03
6.516000000000000000e+03
6.520000000000000000e+03
6.529000000000000000e+03
6.532000000000000000e+03
6.536000000000000000e+03
6.552000000000000000e+03
6.555000000000000000e+03
6.559000000000000000e+03
6.565000000000000000e+03
6.572000000000000000e+03
6.580000000000000000e+03
6.581000000000000000e+03
6.588000000000000000e+03
6.591000000000000000e+03
6.595000000000000000e+03
6.600000000000000000e+03
6.610000000000000000e+03
6.616000000000000000e+03
6.619000000000000000e+03
6.626000000000000000e+03
6.638000000000000000e+03
6.641000000000000000e+03
6.644000000000000000e+03
6.654000000000000000e+03
6.658000000000000000e+03
6.661000000000000000e+03
6.664000000000000000e+03
6.676000000000000000e+03
6.686000000000000000e+03
6.687000000000000000e+03
6.700000000000000000e+03
6.701000000000000000e+03
6.705000000000000000e+03
6.711000000000000000e+03
6.712000000000000000e+03
6.714000000000000000e+03
6.717000000000000000e+03
6.725000000000000000e+03
6.729000000000000000e+03
6.732000000000000000e+03
6.741000000000000000e+03
6.747000000000000000e+03
6.770000000000000000e+03
6.773000000000000000e+03
6.774000000000000000e+03
6.783000000000000000e+03
6.785000000000000000e+03
6.803000000000000000e+03
6.805000000000000000e+03
6.807000000000000000e+03
6.814000000000000000e+03
6.824000000000000000e+03
6.825000000000000000e+03
6.829000000000000000e+03
6.832000000000000000e+03
6.833000000000000000e+03
6.843000000000000000e+03
6.846000000000000000e+03
6.851000000000000000e+03
6.852000000000000000e+03
6.853000000000000000e+03
6.859000000000000000e+03
6.873000000000000000e+03
6.874000000000000000e+03
6.885000000000000000e+03
6.890000000000000000e+03
6.902000000000000000e+03
6.910000000000000000e+03
6.917000000000000000e+03
6.919000000000000000e+03
6.921000000000000000e+03
6.928000000000000000e+03
6.929000000000000000e+03
6.938000000000000000e+03
6.958000000000000000e+03
6.960000000000000000e+03
6.964000000000000000e+03
6.966000000000000000e+03
6.973000000000000000e+03
6.974000000000000000e+03
6.976000000000000000e+03
6.982000000000000000e+03
6.992000000000000000e+03
6.996000000000000000e+03
7.008000000000000000e+03
7.014000000000000000e+03
7.016000000000000000e+03
7.017000000000000000e+03
7.022000000000000000e+03
7.025000000000000000e+03
7.030000000000000000e+03
7.032000000000000000e+03
7.036000000000000000e+03
7.038000000000000000e+03
7.040000000000000000e+03
7.044000000000000000e+03
7.045000000000000000e+03
7.068000000000000000e+03
7.069000000000000000e+03
7.075000000000000000e+03
7.084000000000000000e+03
7.092000000000000000e+03
7.104000000000000000e+03
7.106000000000000000e+03
7.113000000000000000e+03
7.117000000000000000e+03
7.118000000000000000e+03
7.119000000000000000e+03
7.134000000000000000e+03
7.138000000000000000e+03
7.147000000000000000e+03
7.151000000000000000e+03
7.158000000000000000e+03
7.160000000000000000e+03
7.161000000000000000e+03
7.163000000000000000e+03
7.166000000000000000e+03
7.168000000000000000e+03
7.173000000000000000e+03
7.179000000000000000e+03
7.186000000000000000e+03
7.191000000000000000e+03
7.202000000000000000e+03
7.206000000000000000e+03
7.211000000000000000e+03
7.229000000000000000e+03
7.233000000000000000e+03
7.238000000000000000e+03
7.250000000000000000e+03
7.260000000000000000e+03
7.263000000000000000e+03
7.264000000000000000e+03
7.268000000000000000e+03
7.290000000000000000e+03
7.296000000000000000e+03
7.299000000000000000e+03
7.323000000000000000e+03
7.337000000000000000e+03
7.338000000000000000e+03
7.342000000000000000e+03
7.350000000000000000e+03
7.351000000000000000e+03
7.358000000000000000e+03
7.360000000000000000e+03
7.361000000000000000e+03
7.364000000000000000e+03
7.368000000000000000e+03
7.378000000000000000e+03
7.408000000000000000e+03
7.419000000000000000e+03
7.420000000000000000e+03
7.430000000000000000e+03
7.437000000000000000e+03
7.438000000000000000e+03
7.442000000000000000e+03
7.456000000000000000e+03
7.461000000000000000e+03
7.470000000000000000e+03
7.477000000000000000e+03
7.496000000000000000e+03
7.503000000000000000e+03
7.504000000000000000e+03
7.506000000000000000e+03
7.513000000000000000e+03
7.525000000000000000e+03
7.528000000000000000e+03
7.536000000000000000e+03
7.538000000000000000e+03
