8.000000000000000000e+00 3.134475946426391602e-01
1.600000000000000000e+01 6.002235412597656250e-01
3.100000000000000000e+01 4.062370300292968750e+00
4.100000000000000000e+01 1.890202760696411133e-01
4.200000000000000000e+01 1.095155403017997742e-01
4.600000000000000000e+01 3.806704282760620117e-02
4.800000000000000000e+01 8.873528242111206055e-01
5.500000000000000000e+01 7.609980106353759766e-01
5.600000000000000000e+01 4.621374011039733887e-01
5.900000000000000000e+01 9.927911162376403809e-01
6.200000000000000000e+01 3.008223176002502441e-01
7.300000000000000000e+01 3.376552760601043701e-01
7.400000000000000000e+01 5.128780603408813477e-01
7.600000000000000000e+01 1.470038652420043945e+00
8.000000000000000000e+01 8.015702962875366211e-01
8.500000000000000000e+01 8.779726922512054443e-02
8.700000000000000000e+01 1.773860454559326172e-01
8.800000000000000000e+01 1.314582109451293945e+00
8.900000000000000000e+01 2.350330352783203125e-02
9.200000000000000000e+01 7.664067745208740234e-01
9.600000000000000000e+01 4.213753640651702881e-01
1.020000000000000000e+02 7.482699155807495117e-01
1.050000000000000000e+02 5.676109790802001953e-01
1.090000000000000000e+02 1.331072211265563965e+00
1.150000000000000000e+02 8.679705858230590820e-01
1.200000000000000000e+02 8.470782041549682617e-01
1.280000000000000000e+02 9.159743785858154297e-01
1.440000000000000000e+02 1.193167448043823242e+00
1.450000000000000000e+02 3.651548147201538086e+00
1.480000000000000000e+02 2.432268142700195312e+00
1.570000000000000000e+02 8.367132544517517090e-01
1.590000000000000000e+02 5.151519179344177246e-02
1.620000000000000000e+02 9.902628064155578613e-01
1.630000000000000000e+02 9.671077132225036621e-01
1.650000000000000000e+02 1.258419990539550781e+00
1.850000000000000000e+02 7.302203178405761719e-01
1.910000000000000000e+02 1.184362173080444336e-02
1.960000000000000000e+02 1.114949584007263184e-01
2.030000000000000000e+02 1.106838583946228027e+00
2.050000000000000000e+02 8.236542940139770508e-01
2.100000000000000000e+02 6.004609167575836182e-02
2.130000000000000000e+02 1.412943005561828613e-01
2.300000000000000000e+02 8.787227869033813477e-01
2.590000000000000000e+02 3.979422569274902344e+00
2.650000000000000000e+02 5.719327926635742188e-01
2.750000000000000000e+02 1.821611076593399048e-01
2.840000000000000000e+02 1.426841765642166138e-01
2.850000000000000000e+02 1.978776693344116211e+00
2.860000000000000000e+02 9.606056660413742065e-02
2.920000000000000000e+02 5.691679716110229492e-01
2.930000000000000000e+02 6.084123849868774414e-01
2.960000000000000000e+02 8.351612091064453125e-01
3.000000000000000000e+02 1.660152673721313477e+00
3.120000000000000000e+02 9.554395675659179688e-01
3.130000000000000000e+02 1.036332368850708008e+00
3.160000000000000000e+02 1.048998355865478516e+00
3.230000000000000000e+02 1.576210260391235352e-01
3.260000000000000000e+02 1.023964047431945801e+00
3.410000000000000000e+02 4.608644247055053711e-01
3.750000000000000000e+02 6.129096746444702148e-01
3.760000000000000000e+02 7.614598423242568970e-02
3.820000000000000000e+02 4.086658954620361328e-01
3.880000000000000000e+02 1.167177706956863403e-01
3.900000000000000000e+02 3.732837736606597900e-02
3.950000000000000000e+02 2.009404748678207397e-01
4.070000000000000000e+02 4.115079045295715332e-01
4.090000000000000000e+02 2.207942754030227661e-01
4.110000000000000000e+02 3.399056911468505859e+00
4.130000000000000000e+02 6.959860920906066895e-01
4.270000000000000000e+02 1.945670843124389648e-01
4.390000000000000000e+02 1.028810501098632812e+00
4.420000000000000000e+02 5.708683729171752930e-01
4.480000000000000000e+02 6.462594270706176758e-01
4.610000000000000000e+02 2.866209447383880615e-01
4.660000000000000000e+02 7.915977239608764648e-01
4.670000000000000000e+02 2.485905140638351440e-01
4.720000000000000000e+02 6.170353889465332031e-01
4.760000000000000000e+02 1.112140893936157227e+00
4.780000000000000000e+02 4.336647987365722656e-01
4.810000000000000000e+02 8.436680585145950317e-02
5.090000000000000000e+02 8.199144601821899414e-01
5.120000000000000000e+02 8.774950504302978516e-01
5.160000000000000000e+02 1.673952579498291016e+00
5.220000000000000000e+02 2.389734238386154175e-02
5.340000000000000000e+02 3.069968819618225098e-01
5.430000000000000000e+02 8.613144159317016602e-01
5.600000000000000000e+02 8.070075511932373047e-01
5.670000000000000000e+02 1.080942392349243164e+00
5.750000000000000000e+02 1.169038265943527222e-01
5.800000000000000000e+02 3.108665227890014648e+00
5.810000000000000000e+02 6.153974533081054688e-01
5.840000000000000000e+02 7.086479663848876953e-01
5.960000000000000000e+02 3.157583475112915039e-01
6.110000000000000000e+02 3.903653621673583984e+00
6.140000000000000000e+02 1.856608152389526367e+00
6.180000000000000000e+02 2.351224899291992188e+00
6.220000000000000000e+02 9.904667735099792480e-01
6.380000000000000000e+02 6.163011789321899414e-01
6.480000000000000000e+02 5.248647928237915039e-01
6.500000000000000000e+02 8.212975263595581055e-01
6.510000000000000000e+02 3.635948300361633301e-01
6.720000000000000000e+02 5.230079889297485352e-01
6.840000000000000000e+02 5.374820232391357422e-01
6.880000000000000000e+02 5.243514180183410645e-01
6.910000000000000000e+02 1.612871587276458740e-01
6.920000000000000000e+02 7.222390174865722656e-01
6.950000000000000000e+02 8.531163930892944336e-01
6.990000000000000000e+02 2.305446118116378784e-01
7.120000000000000000e+02 3.277119398117065430e-01
7.160000000000000000e+02 2.000652313232421875e+00
7.190000000000000000e+02 1.884554326534271240e-01
7.200000000000000000e+02 1.257019877433776855e+00
7.220000000000000000e+02 5.857884883880615234e-01
7.240000000000000000e+02 5.002956390380859375e-01
7.430000000000000000e+02 1.585920155048370361e-02
7.480000000000000000e+02 9.183932542800903320e-01
7.530000000000000000e+02 4.244398474693298340e-01
7.580000000000000000e+02 6.887854337692260742e-01
7.590000000000000000e+02 7.823333740234375000e-01
7.630000000000000000e+02 1.129167318344116211e+00
7.680000000000000000e+02 5.605457723140716553e-02
7.690000000000000000e+02 4.907367229461669922e-01
7.720000000000000000e+02 3.194267749786376953e-01
7.740000000000000000e+02 8.244214057922363281e-01
7.750000000000000000e+02 9.309373050928115845e-02
7.850000000000000000e+02 5.724923610687255859e-01
7.900000000000000000e+02 5.802489519119262695e-01
7.970000000000000000e+02 1.053140684962272644e-01
8.050000000000000000e+02 7.916121482849121094e-01
8.090000000000000000e+02 3.854934215545654297e+00
8.150000000000000000e+02 2.845440864562988281e+00
8.190000000000000000e+02 5.434852838516235352e-01
8.210000000000000000e+02 2.132056653499603271e-01
8.220000000000000000e+02 3.319204449653625488e-01
8.250000000000000000e+02 3.710960745811462402e-01
8.280000000000000000e+02 1.128141283988952637e+00
8.380000000000000000e+02 3.163928747177124023e+00
8.420000000000000000e+02 8.525432348251342773e-01
8.460000000000000000e+02 6.793844699859619141e-01
8.500000000000000000e+02 3.143949508666992188e-01
8.610000000000000000e+02 6.336654424667358398e-01
8.650000000000000000e+02 3.737244009971618652e-01
8.690000000000000000e+02 4.532617330551147461e-01
8.780000000000000000e+02 6.310940980911254883e-01
8.820000000000000000e+02 7.176956534385681152e-02
8.850000000000000000e+02 8.767212629318237305e-01
8.870000000000000000e+02 3.395179510116577148e-01
8.920000000000000000e+02 8.351436853408813477e-01
8.930000000000000000e+02 2.700300693511962891e+00
8.980000000000000000e+02 6.538596153259277344e-01
9.020000000000000000e+02 2.983420789241790771e-01
9.030000000000000000e+02 8.472651988267898560e-02
9.120000000000000000e+02 6.158792972564697266e-01
9.180000000000000000e+02 5.001509189605712891e-01
9.210000000000000000e+02 1.155383884906768799e-02
9.460000000000000000e+02 1.461004495620727539e+00
9.490000000000000000e+02 1.740237474441528320e+00
9.520000000000000000e+02 2.129854202270507812e+00
9.560000000000000000e+02 3.911405801773071289e-01
9.580000000000000000e+02 2.467079907655715942e-01
9.650000000000000000e+02 9.134329557418823242e-01
9.700000000000000000e+02 9.210603833198547363e-01
9.760000000000000000e+02 1.793629169464111328e+00
9.810000000000000000e+02 4.077180385589599609e+00
9.820000000000000000e+02 5.091170072555541992e-01
9.860000000000000000e+02 1.137939214706420898e+00
9.940000000000000000e+02 5.182220935821533203e-01
9.970000000000000000e+02 1.903267383575439453e+00
9.980000000000000000e+02 9.650351107120513916e-02
9.990000000000000000e+02 7.253727316856384277e-02
1.008000000000000000e+03 1.934155821800231934e-01
1.023000000000000000e+03 1.563834667205810547e+00
1.025000000000000000e+03 2.606421709060668945e-03
1.026000000000000000e+03 5.895717442035675049e-02
1.040000000000000000e+03 9.019526839256286621e-01
1.041000000000000000e+03 1.212595224380493164e+00
1.061000000000000000e+03 8.455890417098999023e-01
1.073000000000000000e+03 8.031126260757446289e-01
1.076000000000000000e+03 9.366932511329650879e-02
1.087000000000000000e+03 1.998605847358703613e+00
1.094000000000000000e+03 8.684264123439788818e-02
1.099000000000000000e+03 1.274662613868713379e-01
1.114000000000000000e+03 9.572817683219909668e-01
1.116000000000000000e+03 8.038347363471984863e-01
1.118000000000000000e+03 9.090055823326110840e-01
1.125000000000000000e+03 6.589359641075134277e-01
1.132000000000000000e+03 7.413399219512939453e-02
1.136000000000000000e+03 5.045741796493530273e-01
1.138000000000000000e+03 6.537338495254516602e-01
1.142000000000000000e+03 1.190393567085266113e+00
1.144000000000000000e+03 7.251253128051757812e-01
1.148000000000000000e+03 5.049534142017364502e-02
1.152000000000000000e+03 2.301645129919052124e-01
1.158000000000000000e+03 1.348519474267959595e-01
1.159000000000000000e+03 9.395611286163330078e-01
1.187000000000000000e+03 6.236314177513122559e-01
1.194000000000000000e+03 1.805546283721923828e-01
1.199000000000000000e+03 7.756618857383728027e-01
1.202000000000000000e+03 3.258073925971984863e-01
1.208000000000000000e+03 5.541478395462036133e-01
1.211000000000000000e+03 9.199724197387695312e-01
1.222000000000000000e+03 2.368909269571304321e-01
1.230000000000000000e+03 1.112118214368820190e-01
1.232000000000000000e+03 9.426991939544677734e-01
1.241000000000000000e+03 2.356958091259002686e-01
1.242000000000000000e+03 5.002777576446533203e-01
1.247000000000000000e+03 7.658612728118896484e-01
1.254000000000000000e+03 3.408737778663635254e-01
1.256000000000000000e+03 3.189575076103210449e-01
1.258000000000000000e+03 5.119100213050842285e-02
1.264000000000000000e+03 3.623007237911224365e-02
1.271000000000000000e+03 1.318655908107757568e-02
1.274000000000000000e+03 5.751186609268188477e-01
1.280000000000000000e+03 5.244294404983520508e-01
1.289000000000000000e+03 1.179758071899414062e+00
1.300000000000000000e+03 9.140453934669494629e-01
1.330000000000000000e+03 1.074385344982147217e-01
1.349000000000000000e+03 1.763108491897583008e+00
1.354000000000000000e+03 7.261438369750976562e-01
1.355000000000000000e+03 7.033321857452392578e-01
1.365000000000000000e+03 5.119764804840087891e-01
1.372000000000000000e+03 8.608914613723754883e-01
1.377000000000000000e+03 3.458714485168457031e+00
1.381000000000000000e+03 7.563003897666931152e-01
1.385000000000000000e+03 6.702523231506347656e-01
1.397000000000000000e+03 1.469240784645080566e-01
1.407000000000000000e+03 5.996201038360595703e-01
1.408000000000000000e+03 5.933090448379516602e-01
1.413000000000000000e+03 7.491983175277709961e-01
1.415000000000000000e+03 9.428045153617858887e-01
1.430000000000000000e+03 1.023849606513977051e+00
1.434000000000000000e+03 8.264037966728210449e-02
1.448000000000000000e+03 7.545099258422851562e-01
1.455000000000000000e+03 2.992333173751831055e-01
1.461000000000000000e+03 1.059184551239013672e+00
1.474000000000000000e+03 1.114187002182006836e+00
1.491000000000000000e+03 3.411775231361389160e-01
1.500000000000000000e+03 8.993155360221862793e-01
1.512000000000000000e+03 2.658878087997436523e+00
1.516000000000000000e+03 1.396279811859130859e+00
1.517000000000000000e+03 2.462463825941085815e-02
1.523000000000000000e+03 2.564911842346191406e-01
1.525000000000000000e+03 6.577871739864349365e-02
1.529000000000000000e+03 1.012794137001037598e+00
1.542000000000000000e+03 9.710928201675415039e-01
1.552000000000000000e+03 2.454567104578018188e-01
1.553000000000000000e+03 1.415138483047485352e+00
1.563000000000000000e+03 9.739398956298828125e-01
1.572000000000000000e+03 5.116939544677734375e-01
1.576000000000000000e+03 7.137901782989501953e-01
1.580000000000000000e+03 5.007329583168029785e-01
1.592000000000000000e+03 6.871902346611022949e-01
1.598000000000000000e+03 2.459757328033447266e-01
1.599000000000000000e+03 7.562276124954223633e-01
1.602000000000000000e+03 8.967234492301940918e-01
1.621000000000000000e+03 1.713209599256515503e-01
1.628000000000000000e+03 1.845520019531250000e+00
1.630000000000000000e+03 8.020078539848327637e-01
1.641000000000000000e+03 6.116150617599487305e-01
1.659000000000000000e+03 5.606302022933959961e-01
1.661000000000000000e+03 2.071316719055175781e+00
1.670000000000000000e+03 7.156035900115966797e-01
1.671000000000000000e+03 6.646984815597534180e-01
1.681000000000000000e+03 1.867200285196304321e-01
1.701000000000000000e+03 6.758819520473480225e-02
1.703000000000000000e+03 2.256564378738403320e+00
1.707000000000000000e+03 2.426475286483764648e-01
1.715000000000000000e+03 5.820908546447753906e-01
1.722000000000000000e+03 3.009695529937744141e+00
1.733000000000000000e+03 6.794874668121337891e-01
1.737000000000000000e+03 5.904510021209716797e-01
1.738000000000000000e+03 9.188979864120483398e-01
1.739000000000000000e+03 5.716946125030517578e-01
1.749000000000000000e+03 9.468639492988586426e-01
1.750000000000000000e+03 3.909163475036621094e-01
1.752000000000000000e+03 1.375201225280761719e+00
1.753000000000000000e+03 7.288252711296081543e-01
1.758000000000000000e+03 5.006635189056396484e-01
1.762000000000000000e+03 1.283790349960327148e+00
1.767000000000000000e+03 2.224727720022201538e-02
1.769000000000000000e+03 6.507825851440429688e-02
1.780000000000000000e+03 5.317850112915039062e-01
1.781000000000000000e+03 6.281125545501708984e-02
1.782000000000000000e+03 1.502933740615844727e+00
1.793000000000000000e+03 6.701314449310302734e-01
1.800000000000000000e+03 3.430294394493103027e-01
1.801000000000000000e+03 1.426276803016662598e+00
1.803000000000000000e+03 8.227850198745727539e-01
1.805000000000000000e+03 7.427352666854858398e-01
1.809000000000000000e+03 1.097896933555603027e+00
1.815000000000000000e+03 1.396433234214782715e+00
1.819000000000000000e+03 4.875975847244262695e-01
1.820000000000000000e+03 1.613132715225219727e+00
1.822000000000000000e+03 6.319431066513061523e-01
1.834000000000000000e+03 8.393238782882690430e-01
1.838000000000000000e+03 9.665952920913696289e-01
1.841000000000000000e+03 5.915862321853637695e-01
1.847000000000000000e+03 7.585769295692443848e-01
1.851000000000000000e+03 1.334077596664428711e+00
1.855000000000000000e+03 2.158838063478469849e-01
1.862000000000000000e+03 1.958067893981933594e+00
1.870000000000000000e+03 6.437314301729202271e-02
1.879000000000000000e+03 5.144538879394531250e-01
1.881000000000000000e+03 2.902988195419311523e-01
1.888000000000000000e+03 3.640765547752380371e-01
1.892000000000000000e+03 3.670210242271423340e-01
1.902000000000000000e+03 3.233634829521179199e-01
1.909000000000000000e+03 2.907313704490661621e-01
1.910000000000000000e+03 9.933771491050720215e-01
1.921000000000000000e+03 6.714380979537963867e-01
1.929000000000000000e+03 5.806084275245666504e-01
1.939000000000000000e+03 2.914103865623474121e-01
1.943000000000000000e+03 1.569211781024932861e-01
1.945000000000000000e+03 9.270086884498596191e-02
1.947000000000000000e+03 3.248955309391021729e-02
1.949000000000000000e+03 6.798876523971557617e-01
1.950000000000000000e+03 5.066299438476562500e-01
1.954000000000000000e+03 1.824290037155151367e+00
1.955000000000000000e+03 1.207656979560852051e+00
1.957000000000000000e+03 4.714599251747131348e-01
1.963000000000000000e+03 3.799324035644531250e-01
1.965000000000000000e+03 8.714386075735092163e-02
1.968000000000000000e+03 3.502317905426025391e+00
1.969000000000000000e+03 5.941506624221801758e-01
1.975000000000000000e+03 2.020881652832031250e+00
1.978000000000000000e+03 7.178995013236999512e-02
1.998000000000000000e+03 5.342648625373840332e-01
1.999000000000000000e+03 8.720936775207519531e-01
2.002000000000000000e+03 3.854460239410400391e+00
2.005000000000000000e+03 6.610668897628784180e-01
2.017000000000000000e+03 7.370085716247558594e-01
2.033000000000000000e+03 7.216750383377075195e-01
2.035000000000000000e+03 7.082237303256988525e-02
2.051000000000000000e+03 2.850845754146575928e-01
2.054000000000000000e+03 7.340666651725769043e-01
2.056000000000000000e+03 1.002726316452026367e+00
2.058000000000000000e+03 5.469563007354736328e-01
2.066000000000000000e+03 7.674287557601928711e-01
2.069000000000000000e+03 1.249742805957794189e-01
2.082000000000000000e+03 1.315259099006652832e+00
2.084000000000000000e+03 2.271663248538970947e-01
2.086000000000000000e+03 3.360588788986206055e+00
2.088000000000000000e+03 5.983302742242813110e-02
2.093000000000000000e+03 4.773264825344085693e-01
2.099000000000000000e+03 9.409428238868713379e-01
2.103000000000000000e+03 8.633276224136352539e-01
2.104000000000000000e+03 4.173049330711364746e-01
2.109000000000000000e+03 8.460525274276733398e-01
2.111000000000000000e+03 8.664765357971191406e-01
2.113000000000000000e+03 5.682981014251708984e-01
2.121000000000000000e+03 2.022664994001388550e-01
2.126000000000000000e+03 9.347197413444519043e-01
2.130000000000000000e+03 8.363945484161376953e-01
2.142000000000000000e+03 6.378821730613708496e-01
2.144000000000000000e+03 8.180023729801177979e-02
2.162000000000000000e+03 3.841057419776916504e-01
2.163000000000000000e+03 1.279525041580200195e+00
2.169000000000000000e+03 1.514295041561126709e-01
2.171000000000000000e+03 2.572847604751586914e-01
2.177000000000000000e+03 1.872696995735168457e+00
2.188000000000000000e+03 7.375640869140625000e-01
2.194000000000000000e+03 2.796831130981445312e-01
2.218000000000000000e+03 1.702105522155761719e+00
2.219000000000000000e+03 5.900681018829345703e-01
2.220000000000000000e+03 1.077353239059448242e+00
2.227000000000000000e+03 2.124222964048385620e-01
2.231000000000000000e+03 8.902369737625122070e-01
2.238000000000000000e+03 5.999320745468139648e-01
2.246000000000000000e+03 6.570308208465576172e-01
2.249000000000000000e+03 9.365119934082031250e-01
2.257000000000000000e+03 5.319590568542480469e-01
2.260000000000000000e+03 2.369286119937896729e-01
2.261000000000000000e+03 3.363910317420959473e-01
2.262000000000000000e+03 3.221858143806457520e-01
2.267000000000000000e+03 1.702573299407958984e-01
2.286000000000000000e+03 6.868868470191955566e-01
2.290000000000000000e+03 5.238569974899291992e-01
2.291000000000000000e+03 6.283601522445678711e-01
2.298000000000000000e+03 6.851632595062255859e-01
2.306000000000000000e+03 9.018578529357910156e-01
2.310000000000000000e+03 2.975565791130065918e-01
2.315000000000000000e+03 3.803307533264160156e+00
2.323000000000000000e+03 5.033887028694152832e-01
2.332000000000000000e+03 2.996776700019836426e-01
2.333000000000000000e+03 6.740088462829589844e-01
2.336000000000000000e+03 8.168920278549194336e-01
2.337000000000000000e+03 3.559773564338684082e-01
2.355000000000000000e+03 2.932015895843505859e+00
2.365000000000000000e+03 9.044135361909866333e-02
2.369000000000000000e+03 1.408557891845703125e+00
2.370000000000000000e+03 2.358548939228057861e-01
2.372000000000000000e+03 1.190151721239089966e-01
2.383000000000000000e+03 1.109922885894775391e+00
2.389000000000000000e+03 3.942190408706665039e-01
2.391000000000000000e+03 1.061500012874603271e-01
2.395000000000000000e+03 4.346597790718078613e-01
2.405000000000000000e+03 1.091818660497665405e-01
2.407000000000000000e+03 6.530542373657226562e-01
2.408000000000000000e+03 9.358152747154235840e-01
2.409000000000000000e+03 1.461924910545349121e-01
2.420000000000000000e+03 4.083666503429412842e-01
2.422000000000000000e+03 2.885652065277099609e+00
2.427000000000000000e+03 1.326842308044433594e+00
2.430000000000000000e+03 7.494930922985076904e-02
2.445000000000000000e+03 7.993355989456176758e-01
2.448000000000000000e+03 5.803070068359375000e-01
2.453000000000000000e+03 4.883428812026977539e-01
2.464000000000000000e+03 3.975793719291687012e-02
2.468000000000000000e+03 4.127862453460693359e-01
2.471000000000000000e+03 2.619815468788146973e-01
2.472000000000000000e+03 6.097780466079711914e-01
2.483000000000000000e+03 3.560259938240051270e-03
2.486000000000000000e+03 7.415056228637695312e-01
2.488000000000000000e+03 7.222752571105957031e-01
2.493000000000000000e+03 9.238121509552001953e-01
2.500000000000000000e+03 1.422729253768920898e+00
2.503000000000000000e+03 6.324513554573059082e-01
2.527000000000000000e+03 5.038678646087646484e-01
2.539000000000000000e+03 4.247878193855285645e-01
2.545000000000000000e+03 5.964082479476928711e-01
2.553000000000000000e+03 4.164813160896301270e-01
2.564000000000000000e+03 4.279487133026123047e-01
2.566000000000000000e+03 4.055804610252380371e-01
2.569000000000000000e+03 2.195841312408447266e+00
2.571000000000000000e+03 1.253728866577148438e-01
2.580000000000000000e+03 3.144914507865905762e-01
2.608000000000000000e+03 7.955032587051391602e-01
2.610000000000000000e+03 9.673967957496643066e-01
2.611000000000000000e+03 1.958553045988082886e-01
2.617000000000000000e+03 7.169784605503082275e-02
2.619000000000000000e+03 8.315616846084594727e-01
2.620000000000000000e+03 6.788557171821594238e-01
2.622000000000000000e+03 9.115677475929260254e-01
2.628000000000000000e+03 6.324542760848999023e-01
2.639000000000000000e+03 5.990221351385116577e-02
2.645000000000000000e+03 3.735623359680175781e-01
2.666000000000000000e+03 1.286115050315856934e+00
2.667000000000000000e+03 9.243208765983581543e-01
2.668000000000000000e+03 6.827265620231628418e-01
2.683000000000000000e+03 9.915692806243896484e-01
2.685000000000000000e+03 7.045494318008422852e-01
2.686000000000000000e+03 2.622494697570800781e-01
2.693000000000000000e+03 6.463805437088012695e-01
2.696000000000000000e+03 1.318624615669250488e-02
2.698000000000000000e+03 8.692781925201416016e-01
2.702000000000000000e+03 4.612153768539428711e-01
2.703000000000000000e+03 4.449078440666198730e-01
2.711000000000000000e+03 6.418399810791015625e-01
2.715000000000000000e+03 9.339181184768676758e-01
2.716000000000000000e+03 9.972032904624938965e-02
2.718000000000000000e+03 1.785882264375686646e-01
2.727000000000000000e+03 3.735623359680175781e-01
2.745000000000000000e+03 3.782218098640441895e-01
2.761000000000000000e+03 3.505320847034454346e-01
2.763000000000000000e+03 1.576230764389038086e+00
2.764000000000000000e+03 3.678394556045532227e-01
2.768000000000000000e+03 1.227907061576843262e+00
2.775000000000000000e+03 1.094458222389221191e+00
2.777000000000000000e+03 4.346475005149841309e-01
2.779000000000000000e+03 9.352305531501770020e-02
2.792000000000000000e+03 3.111174345016479492e+00
2.812000000000000000e+03 9.654751420021057129e-01
2.814000000000000000e+03 5.826817750930786133e-01
2.844000000000000000e+03 4.277241826057434082e-01
2.845000000000000000e+03 5.175902843475341797e-01
2.858000000000000000e+03 4.850105047225952148e-01
2.859000000000000000e+03 3.017926812171936035e-01
2.861000000000000000e+03 6.115360260009765625e-01
2.865000000000000000e+03 1.207921028137207031e+00
2.867000000000000000e+03 1.440536081790924072e-01
2.868000000000000000e+03 9.355289936065673828e-01
2.870000000000000000e+03 8.357185125350952148e-01
2.872000000000000000e+03 4.806732535362243652e-01
2.898000000000000000e+03 8.643436431884765625e-01
2.899000000000000000e+03 6.583716869354248047e-01
2.902000000000000000e+03 6.680539846420288086e-01
2.909000000000000000e+03 1.644719988107681274e-01
2.921000000000000000e+03 7.754487991333007812e-01
2.934000000000000000e+03 4.966340661048889160e-01
2.935000000000000000e+03 1.133231967687606812e-01
2.952000000000000000e+03 2.512498497962951660e-01
2.954000000000000000e+03 5.904510021209716797e-01
2.958000000000000000e+03 3.385963439941406250e-01
2.959000000000000000e+03 6.895685195922851562e-01
2.972000000000000000e+03 8.832786679267883301e-01
2.976000000000000000e+03 2.100041806697845459e-01
2.981000000000000000e+03 1.746205687522888184e+00
2.988000000000000000e+03 1.103114604949951172e+00
2.994000000000000000e+03 9.436267614364624023e-01
2.998000000000000000e+03 1.211400389671325684e+00
3.002000000000000000e+03 4.206675887107849121e-01
3.013000000000000000e+03 1.249434947967529297e-01
3.023000000000000000e+03 8.344428241252899170e-02
3.034000000000000000e+03 6.356294155120849609e-01
3.035000000000000000e+03 3.044208884239196777e-02
3.048000000000000000e+03 8.484050035476684570e-01
3.059000000000000000e+03 2.983932495117187500e-01
3.078000000000000000e+03 3.143949508666992188e-01
3.094000000000000000e+03 1.249573469161987305e+00
3.105000000000000000e+03 9.050681442022323608e-02
3.111000000000000000e+03 6.564552783966064453e-01
3.115000000000000000e+03 6.819368600845336914e-01
3.120000000000000000e+03 4.560557603836059570e-01
3.122000000000000000e+03 7.491983175277709961e-01
3.128000000000000000e+03 4.872201681137084961e-01
3.137000000000000000e+03 8.652151226997375488e-01
3.142000000000000000e+03 9.878887534141540527e-01
3.143000000000000000e+03 6.750357151031494141e-01
3.145000000000000000e+03 6.068977713584899902e-01
3.150000000000000000e+03 6.221917867660522461e-01
3.178000000000000000e+03 4.483327865600585938e-01
3.181000000000000000e+03 1.279511302709579468e-01
3.183000000000000000e+03 1.378203630447387695e+00
3.187000000000000000e+03 2.417232394218444824e-01
3.195000000000000000e+03 1.450130701065063477e+00
3.212000000000000000e+03 4.266710877418518066e-01
3.215000000000000000e+03 6.935065984725952148e-01
3.220000000000000000e+03 5.882126837968826294e-02
3.230000000000000000e+03 6.577293872833251953e-01
3.240000000000000000e+03 2.422445774078369141e+00
3.242000000000000000e+03 8.221081495285034180e-01
3.244000000000000000e+03 5.191127061843872070e-01
3.257000000000000000e+03 6.095846891403198242e-01
3.259000000000000000e+03 2.843230664730072021e-01
3.276000000000000000e+03 4.899731874465942383e-01
3.294000000000000000e+03 2.496471166610717773e+00
3.313000000000000000e+03 4.809221625328063965e-02
3.326000000000000000e+03 5.993165969848632812e-01
3.327000000000000000e+03 8.846220970153808594e-01
3.328000000000000000e+03 2.070513814687728882e-01
3.339000000000000000e+03 9.767537117004394531e-01
3.341000000000000000e+03 1.844452857971191406e+00
3.346000000000000000e+03 5.744561553001403809e-02
3.350000000000000000e+03 5.784224271774291992e-01
3.374000000000000000e+03 7.164021730422973633e-01
3.383000000000000000e+03 2.202512502670288086e+00
3.386000000000000000e+03 7.695913314819335938e-03
3.392000000000000000e+03 2.512267112731933594e+00
3.394000000000000000e+03 5.430530309677124023e-01
3.397000000000000000e+03 6.765636205673217773e-01
3.398000000000000000e+03 6.322154998779296875e-01
3.409000000000000000e+03 6.404347419738769531e-01
3.410000000000000000e+03 4.769932627677917480e-01
3.412000000000000000e+03 7.479062080383300781e-01
3.414000000000000000e+03 1.662274837493896484e+00
3.418000000000000000e+03 9.721567034721374512e-01
3.422000000000000000e+03 1.720328927040100098e-01
3.428000000000000000e+03 6.589205265045166016e-01
3.431000000000000000e+03 2.254116535186767578e-02
3.434000000000000000e+03 8.803309202194213867e-01
3.442000000000000000e+03 3.542569279670715332e-01
3.446000000000000000e+03 7.752619981765747070e-01
3.447000000000000000e+03 4.956765174865722656e-01
3.451000000000000000e+03 5.069529414176940918e-01
3.455000000000000000e+03 1.542067050933837891e+00
3.457000000000000000e+03 3.607468008995056152e-01
3.466000000000000000e+03 1.993043720722198486e-02
3.475000000000000000e+03 1.406866788864135742e+00
3.477000000000000000e+03 9.588701725006103516e-01
3.485000000000000000e+03 5.428180098533630371e-01
3.487000000000000000e+03 5.359946489334106445e-01
3.502000000000000000e+03 5.941650867462158203e-01
3.509000000000000000e+03 7.049160599708557129e-01
3.519000000000000000e+03 4.147611856460571289e-01
3.532000000000000000e+03 3.357242345809936523e-01
3.542000000000000000e+03 1.253835678100585938e+00
3.549000000000000000e+03 4.758489727973937988e-01
3.555000000000000000e+03 6.416337490081787109e-01
3.563000000000000000e+03 5.684012174606323242e-01
3.564000000000000000e+03 2.592939138412475586e-01
3.566000000000000000e+03 2.344003915786743164e+00
3.567000000000000000e+03 1.424910902976989746e+00
3.579000000000000000e+03 8.649685382843017578e-01
3.580000000000000000e+03 8.767254650592803955e-02
3.621000000000000000e+03 9.085381031036376953e-02
3.622000000000000000e+03 6.097671985626220703e-01
3.627000000000000000e+03 5.809711217880249023e-01
3.628000000000000000e+03 1.095174551010131836e+00
3.633000000000000000e+03 8.279471397399902344e-01
3.637000000000000000e+03 9.911728501319885254e-01
3.639000000000000000e+03 9.267312884330749512e-01
3.642000000000000000e+03 3.134475946426391602e-01
3.651000000000000000e+03 6.785057783126831055e-01
3.667000000000000000e+03 3.000262677669525146e-01
3.669000000000000000e+03 2.398171573877334595e-01
3.679000000000000000e+03 8.948199748992919922e-01
3.683000000000000000e+03 9.413657188415527344e-01
3.693000000000000000e+03 7.901320457458496094e-01
3.700000000000000000e+03 9.746412038803100586e-01
3.703000000000000000e+03 3.237192332744598389e-01
3.704000000000000000e+03 9.471878409385681152e-01
3.706000000000000000e+03 9.997027516365051270e-01
3.721000000000000000e+03 6.133632659912109375e-01
3.723000000000000000e+03 7.292628288269042969e-01
3.747000000000000000e+03 5.332085490226745605e-01
3.749000000000000000e+03 1.476249456405639648e+00
3.753000000000000000e+03 7.109792232513427734e-01
3.756000000000000000e+03 1.870633214712142944e-01
3.761000000000000000e+03 7.310032248497009277e-01
3.764000000000000000e+03 8.397510051727294922e-01
3.767000000000000000e+03 1.563538789749145508e+00
3.771000000000000000e+03 2.076974064111709595e-01
3.773000000000000000e+03 6.762349605560302734e-01
3.781000000000000000e+03 1.044537305831909180e+00
3.808000000000000000e+03 4.152821600437164307e-01
3.816000000000000000e+03 2.059474140405654907e-01
3.829000000000000000e+03 1.777712404727935791e-01
3.834000000000000000e+03 1.141319513320922852e+00
3.842000000000000000e+03 8.632929325103759766e-01
3.853000000000000000e+03 6.369343996047973633e-01
3.856000000000000000e+03 2.503746986389160156e+00
3.865000000000000000e+03 3.718020915985107422e-01
3.875000000000000000e+03 9.310191273689270020e-01
3.878000000000000000e+03 1.175954490900039673e-01
3.880000000000000000e+03 6.097671985626220703e-01
3.887000000000000000e+03 1.131929606199264526e-01
3.894000000000000000e+03 2.305187940597534180e+00
3.896000000000000000e+03 1.439474374055862427e-01
3.897000000000000000e+03 5.956517457962036133e-01
3.903000000000000000e+03 1.331354975700378418e-01
3.907000000000000000e+03 7.008199691772460938e-01
3.926000000000000000e+03 4.634298980236053467e-01
3.940000000000000000e+03 1.249145716428756714e-02
3.943000000000000000e+03 7.253175973892211914e-01
3.947000000000000000e+03 3.489049077033996582e-01
3.951000000000000000e+03 4.029501974582672119e-02
3.955000000000000000e+03 5.455056428909301758e-01
3.965000000000000000e+03 3.381779789924621582e-01
3.968000000000000000e+03 3.129052817821502686e-01
3.971000000000000000e+03 5.512152910232543945e-01
3.972000000000000000e+03 3.212279796600341797e+00
3.975000000000000000e+03 2.008539199829101562e+00
3.980000000000000000e+03 1.458940804004669189e-01
4.000000000000000000e+03 4.617658257484436035e-01
4.003000000000000000e+03 8.543094396591186523e-01
4.005000000000000000e+03 1.121398925781250000e+00
4.019000000000000000e+03 7.039442062377929688e-01
4.021000000000000000e+03 5.525631308555603027e-01
4.030000000000000000e+03 5.953943729400634766e-01
4.056000000000000000e+03 8.993339538574218750e-01
4.057000000000000000e+03 4.682102799415588379e-01
4.060000000000000000e+03 1.388971686363220215e+00
4.075000000000000000e+03 9.425481557846069336e-01
4.076000000000000000e+03 2.105554580688476562e+00
4.081000000000000000e+03 3.666279315948486328e-01
4.083000000000000000e+03 4.862491786479949951e-01
4.084000000000000000e+03 1.319379061460494995e-01
4.085000000000000000e+03 2.916362881660461426e-02
4.093000000000000000e+03 8.404887914657592773e-01
4.097000000000000000e+03 3.052996098995208740e-02
4.099000000000000000e+03 1.933584213256835938e-01
4.113000000000000000e+03 2.402198761701583862e-01
4.121000000000000000e+03 7.767903804779052734e-01
4.124000000000000000e+03 3.779014348983764648e-01
4.140000000000000000e+03 5.271019935607910156e-01
4.141000000000000000e+03 1.276121497154235840e+00
4.149000000000000000e+03 8.855913877487182617e-01
4.152000000000000000e+03 8.154648542404174805e-01
4.161000000000000000e+03 2.602925598621368408e-01
4.171000000000000000e+03 8.620296716690063477e-01
4.186000000000000000e+03 1.307093024253845215e+00
4.195000000000000000e+03 1.330944776535034180e+00
4.207000000000000000e+03 8.063851594924926758e-01
4.209000000000000000e+03 9.005199074745178223e-01
4.215000000000000000e+03 9.089365601539611816e-01
4.216000000000000000e+03 5.820927619934082031e-01
4.235000000000000000e+03 3.341227769851684570e-01
4.250000000000000000e+03 3.533569574356079102e-01
4.258000000000000000e+03 5.921552777290344238e-01
4.262000000000000000e+03 1.658571958541870117e-01
4.301000000000000000e+03 2.304080277681350708e-01
4.304000000000000000e+03 1.031727433204650879e+00
4.310000000000000000e+03 7.902115583419799805e-01
4.312000000000000000e+03 4.767951965332031250e-01
4.319000000000000000e+03 3.994094133377075195e-01
4.325000000000000000e+03 1.969508886337280273e+00
4.335000000000000000e+03 2.377239763736724854e-01
4.347000000000000000e+03 8.006508350372314453e-01
4.349000000000000000e+03 1.832289993762969971e-01
4.351000000000000000e+03 2.913469076156616211e-01
4.354000000000000000e+03 9.284462928771972656e-01
4.368000000000000000e+03 8.142784833908081055e-01
4.377000000000000000e+03 2.274308055639266968e-01
4.378000000000000000e+03 3.739222288131713867e+00
4.393000000000000000e+03 5.534552335739135742e-01
4.397000000000000000e+03 9.515550732612609863e-02
4.404000000000000000e+03 4.797690212726593018e-01
4.412000000000000000e+03 1.862978219985961914e+00
4.416000000000000000e+03 1.067337751388549805e+00
4.426000000000000000e+03 4.728042483329772949e-01
4.437000000000000000e+03 1.720517873764038086e-01
4.447000000000000000e+03 9.437747001647949219e-01
4.449000000000000000e+03 6.454256772994995117e-01
4.451000000000000000e+03 7.573556900024414062e-01
4.458000000000000000e+03 7.597280144691467285e-01
4.470000000000000000e+03 6.712641716003417969e-01
4.487000000000000000e+03 5.927720069885253906e-01
4.495000000000000000e+03 4.987652003765106201e-01
4.499000000000000000e+03 9.871656298637390137e-01
4.503000000000000000e+03 4.787603616714477539e-01
4.510000000000000000e+03 1.039051771163940430e+00
4.521000000000000000e+03 3.054638385772705078e+00
4.529000000000000000e+03 1.624368667602539062e+00
4.535000000000000000e+03 1.071786046028137207e+00
4.539000000000000000e+03 3.910003304481506348e-01
4.540000000000000000e+03 1.560558974742889404e-01
4.541000000000000000e+03 1.996022313833236694e-01
4.544000000000000000e+03 9.177642464637756348e-01
4.551000000000000000e+03 2.151300907135009766e-01
4.558000000000000000e+03 5.710206031799316406e-01
4.564000000000000000e+03 3.148584663867950439e-01
4.580000000000000000e+03 2.524328231811523438e+00
4.585000000000000000e+03 1.426298379898071289e+00
4.589000000000000000e+03 6.746227741241455078e-01
4.601000000000000000e+03 1.615869551897048950e-01
4.603000000000000000e+03 1.532839685678482056e-01
4.604000000000000000e+03 7.647036910057067871e-01
4.607000000000000000e+03 8.427219390869140625e-01
4.611000000000000000e+03 8.942526578903198242e-01
4.621000000000000000e+03 9.920651912689208984e-01
4.632000000000000000e+03 1.594817638397216797e-01
4.635000000000000000e+03 9.428286552429199219e-01
4.644000000000000000e+03 5.761057138442993164e-01
4.656000000000000000e+03 5.648390054702758789e-01
4.672000000000000000e+03 8.307654857635498047e-01
4.680000000000000000e+03 3.417501211166381836e+00
4.698000000000000000e+03 2.446432411670684814e-02
4.701000000000000000e+03 6.279857754707336426e-01
4.709000000000000000e+03 4.970333278179168701e-01
4.712000000000000000e+03 2.687071323394775391e+00
4.731000000000000000e+03 1.421276092529296875e+00
4.734000000000000000e+03 1.714513599872589111e-01
4.735000000000000000e+03 1.596215367317199707e+00
4.745000000000000000e+03 1.451915055513381958e-01
4.746000000000000000e+03 1.190151721239089966e-01
4.752000000000000000e+03 4.649047851562500000e-01
4.753000000000000000e+03 3.718357086181640625e-01
4.762000000000000000e+03 7.165513038635253906e-01
4.763000000000000000e+03 7.726337909698486328e-01
4.769000000000000000e+03 8.953322172164916992e-01
4.776000000000000000e+03 2.779674053192138672e+00
4.777000000000000000e+03 8.381885290145874023e-01
4.792000000000000000e+03 1.420581579208374023e+00
4.798000000000000000e+03 2.312485873699188232e-02
4.804000000000000000e+03 1.074395924806594849e-01
4.807000000000000000e+03 3.980684876441955566e-01
4.812000000000000000e+03 7.338687777519226074e-02
4.814000000000000000e+03 5.452384948730468750e-01
4.815000000000000000e+03 1.177730083465576172e+00
4.823000000000000000e+03 6.519214808940887451e-02
4.834000000000000000e+03 4.835697412490844727e-01
4.835000000000000000e+03 1.707212924957275391e-01
4.839000000000000000e+03 2.400760352611541748e-02
4.846000000000000000e+03 7.250538468360900879e-02
4.849000000000000000e+03 1.003281712532043457e+00
4.856000000000000000e+03 7.548105716705322266e-02
4.857000000000000000e+03 6.165804862976074219e-01
4.868000000000000000e+03 1.785257756710052490e-01
4.871000000000000000e+03 8.345117568969726562e-01
4.873000000000000000e+03 4.101253747940063477e-01
4.875000000000000000e+03 1.850173622369766235e-01
4.881000000000000000e+03 9.439827799797058105e-01
4.882000000000000000e+03 3.422737121582031250e-01
4.885000000000000000e+03 5.112783312797546387e-01
4.886000000000000000e+03 3.023300766944885254e-01
4.891000000000000000e+03 4.243203997611999512e-01
4.903000000000000000e+03 6.115360260009765625e-01
4.914000000000000000e+03 5.778197050094604492e-01
4.919000000000000000e+03 3.286605179309844971e-01
4.920000000000000000e+03 4.904786944389343262e-01
4.921000000000000000e+03 4.438858628273010254e-01
4.924000000000000000e+03 5.989676117897033691e-01
4.927000000000000000e+03 3.006087988615036011e-02
4.937000000000000000e+03 6.846798658370971680e-01
4.955000000000000000e+03 1.263573646545410156e+00
4.962000000000000000e+03 4.218999743461608887e-01
4.963000000000000000e+03 8.392401933670043945e-01
4.983000000000000000e+03 8.781798183917999268e-02
4.990000000000000000e+03 6.040302515029907227e-01
4.996000000000000000e+03 9.000469446182250977e-01
5.012000000000000000e+03 4.352626204490661621e-01
5.016000000000000000e+03 8.142622709274291992e-01
5.017000000000000000e+03 5.964999198913574219e-01
5.025000000000000000e+03 9.385679364204406738e-01
5.042000000000000000e+03 8.934992551803588867e-01
5.046000000000000000e+03 3.553372621536254883e-02
5.048000000000000000e+03 1.576382815837860107e-01
5.058000000000000000e+03 1.673982143402099609e+00
5.061000000000000000e+03 1.561112999916076660e-01
5.063000000000000000e+03 4.498967528343200684e-02
5.072000000000000000e+03 1.229755401611328125e+00
5.080000000000000000e+03 5.847283601760864258e-01
5.086000000000000000e+03 9.336457848548889160e-01
5.099000000000000000e+03 6.092011928558349609e-03
5.102000000000000000e+03 4.459017515182495117e-01
5.107000000000000000e+03 5.859257280826568604e-02
5.116000000000000000e+03 1.545598357915878296e-01
5.123000000000000000e+03 3.488555550575256348e-02
5.124000000000000000e+03 1.384490251541137695e+00
5.132000000000000000e+03 6.251028776168823242e-01
5.138000000000000000e+03 6.050210446119308472e-02
5.143000000000000000e+03 1.982101440429687500e+00
5.146000000000000000e+03 2.597099542617797852e+00
5.154000000000000000e+03 1.234076142311096191e+00
5.158000000000000000e+03 9.828276634216308594e-01
5.162000000000000000e+03 1.440092623233795166e-01
5.166000000000000000e+03 2.157595008611679077e-02
5.173000000000000000e+03 2.311553478240966797e+00
5.180000000000000000e+03 8.742409944534301758e-01
5.185000000000000000e+03 1.600654602050781250e+00
5.195000000000000000e+03 2.470028638839721680e+00
5.196000000000000000e+03 5.021729469299316406e-01
5.198000000000000000e+03 2.152623087167739868e-01
5.203000000000000000e+03 6.937780380249023438e-01
5.213000000000000000e+03 6.567379236221313477e-01
5.215000000000000000e+03 1.166341781616210938e+00
5.230000000000000000e+03 7.519317865371704102e-01
5.233000000000000000e+03 6.041395664215087891e-01
5.237000000000000000e+03 6.095926761627197266e-01
5.242000000000000000e+03 1.813372731208801270e+00
5.254000000000000000e+03 4.601032137870788574e-01
5.260000000000000000e+03 6.555954217910766602e-01
5.269000000000000000e+03 9.470922350883483887e-01
5.270000000000000000e+03 4.401192665100097656e-01
5.271000000000000000e+03 2.773271083831787109e+00
5.272000000000000000e+03 9.277441352605819702e-02
5.274000000000000000e+03 5.238541364669799805e-01
5.277000000000000000e+03 6.981188654899597168e-01
5.279000000000000000e+03 1.070673465728759766e+00
5.289000000000000000e+03 6.212747693061828613e-01
5.299000000000000000e+03 6.755970418453216553e-03
5.308000000000000000e+03 1.058709144592285156e+00
5.312000000000000000e+03 5.539873838424682617e-01
5.321000000000000000e+03 5.548657178878784180e-01
5.331000000000000000e+03 3.674414753913879395e-01
5.349000000000000000e+03 1.083234176039695740e-01
5.353000000000000000e+03 7.967504262924194336e-01
5.355000000000000000e+03 5.868221819400787354e-02
5.370000000000000000e+03 4.951142072677612305e-01
5.374000000000000000e+03 6.088902950286865234e-01
5.377000000000000000e+03 2.261828482151031494e-01
5.383000000000000000e+03 2.416530609130859375e+00
5.386000000000000000e+03 7.964025735855102539e-01
5.387000000000000000e+03 5.644619464874267578e-01
5.389000000000000000e+03 1.723253279924392700e-01
5.391000000000000000e+03 4.020585715770721436e-01
5.392000000000000000e+03 6.208863258361816406e-01
5.394000000000000000e+03 2.402282059192657471e-01
5.396000000000000000e+03 2.133991003036499023e+00
5.398000000000000000e+03 3.960710167884826660e-01
5.399000000000000000e+03 1.204569101333618164e+00
5.403000000000000000e+03 9.290152192115783691e-01
5.407000000000000000e+03 1.251319348812103271e-01
5.409000000000000000e+03 3.879166245460510254e-01
5.412000000000000000e+03 1.603208482265472412e-01
5.418000000000000000e+03 8.536072969436645508e-01
5.442000000000000000e+03 1.594817638397216797e-01
5.445000000000000000e+03 8.347218632698059082e-01
5.446000000000000000e+03 9.329308271408081055e-01
5.454000000000000000e+03 1.663686633110046387e+00
5.458000000000000000e+03 4.086212813854217529e-02
5.459000000000000000e+03 3.638538122177124023e-01
5.461000000000000000e+03 4.644445896148681641e+00
5.474000000000000000e+03 3.607344627380371094e-01
5.477000000000000000e+03 3.624774217605590820e-01
5.479000000000000000e+03 4.004042148590087891e-01
5.483000000000000000e+03 8.164197206497192383e-01
5.484000000000000000e+03 1.104549169540405273e+00
5.487000000000000000e+03 2.602889060974121094e+00
5.502000000000000000e+03 1.889480203390121460e-01
5.517000000000000000e+03 5.610142946243286133e-01
5.523000000000000000e+03 5.641850233078002930e-01
5.524000000000000000e+03 2.798609733581542969e-01
5.532000000000000000e+03 3.841057419776916504e-01
5.541000000000000000e+03 5.089433193206787109e-01
5.547000000000000000e+03 1.597588062286376953e+00
5.548000000000000000e+03 9.433930516242980957e-01
5.552000000000000000e+03 1.878260821104049683e-01
5.558000000000000000e+03 3.091707825660705566e-03
5.562000000000000000e+03 5.202360153198242188e-01
5.563000000000000000e+03 1.097858190536499023e+00
5.568000000000000000e+03 1.780257672071456909e-01
5.579000000000000000e+03 9.257425069808959961e-01
5.585000000000000000e+03 1.307279825210571289e+00
5.591000000000000000e+03 2.554183483123779297e+00
5.592000000000000000e+03 1.556582212448120117e+00
5.594000000000000000e+03 2.658405900001525879e-01
5.606000000000000000e+03 1.833532452583312988e-01
5.619000000000000000e+03 7.000423669815063477e-01
5.627000000000000000e+03 2.701874971389770508e-01
5.630000000000000000e+03 7.245162725448608398e-01
5.647000000000000000e+03 8.228501677513122559e-01
5.670000000000000000e+03 9.992640018463134766e-01
5.681000000000000000e+03 1.909791231155395508e-01
5.683000000000000000e+03 7.808419466018676758e-01
5.686000000000000000e+03 5.852963924407958984e-01
5.687000000000000000e+03 1.945221662521362305e+00
5.689000000000000000e+03 9.248045086860656738e-01
5.690000000000000000e+03 6.547962427139282227e-01
5.698000000000000000e+03 4.060209989547729492e-01
5.702000000000000000e+03 3.665904998779296875e-01
5.705000000000000000e+03 1.342411518096923828e+00
5.718000000000000000e+03 4.425275921821594238e-01
5.719000000000000000e+03 3.543799221515655518e-01
5.732000000000000000e+03 6.821724176406860352e-01
5.733000000000000000e+03 9.995103478431701660e-01
5.742000000000000000e+03 1.853590488433837891e+00
5.743000000000000000e+03 4.843452572822570801e-02
5.744000000000000000e+03 1.022705286741256714e-01
5.745000000000000000e+03 1.629912137985229492e+00
5.751000000000000000e+03 4.183703422546386719e+00
5.754000000000000000e+03 1.397186070680618286e-01
5.783000000000000000e+03 2.071673870086669922e+00
5.788000000000000000e+03 7.842621207237243652e-01
5.789000000000000000e+03 1.454515337944030762e+00
5.795000000000000000e+03 4.409147500991821289e-01
5.804000000000000000e+03 3.088144779205322266e+00
5.813000000000000000e+03 1.134874939918518066e+00
5.815000000000000000e+03 2.007372379302978516e+00
5.826000000000000000e+03 1.644931316375732422e+00
5.829000000000000000e+03 8.026586771011352539e-01
5.839000000000000000e+03 3.420611321926116943e-01
5.843000000000000000e+03 1.507046222686767578e+00
5.844000000000000000e+03 1.066321432590484619e-01
5.845000000000000000e+03 2.383248507976531982e-02
5.848000000000000000e+03 4.569352269172668457e-01
5.853000000000000000e+03 6.120052933692932129e-01
5.862000000000000000e+03 6.914783716201782227e-01
5.865000000000000000e+03 2.056461125612258911e-01
5.868000000000000000e+03 3.292571902275085449e-01
5.874000000000000000e+03 3.519869327545166016e+00
5.881000000000000000e+03 9.348979592323303223e-01
5.883000000000000000e+03 1.149816274642944336e+00
5.886000000000000000e+03 6.162418127059936523e-01
5.889000000000000000e+03 3.406451344490051270e-01
5.896000000000000000e+03 1.588961780071258545e-01
5.899000000000000000e+03 2.918279916048049927e-02
5.903000000000000000e+03 8.281493782997131348e-01
5.917000000000000000e+03 1.249547749757766724e-01
5.919000000000000000e+03 6.137161254882812500e-01
5.926000000000000000e+03 6.151479482650756836e-01
5.932000000000000000e+03 5.956092476844787598e-01
5.950000000000000000e+03 2.606553733348846436e-01
5.959000000000000000e+03 1.686389923095703125e+00
5.967000000000000000e+03 2.086142539978027344e+00
5.968000000000000000e+03 9.535756707191467285e-02
5.974000000000000000e+03 1.497385859489440918e+00
5.981000000000000000e+03 2.467768043279647827e-01
5.983000000000000000e+03 1.620732665061950684e+00
5.984000000000000000e+03 1.031161904335021973e+00
5.988000000000000000e+03 4.935787618160247803e-02
5.997000000000000000e+03 7.813922166824340820e-01
6.009000000000000000e+03 5.541486740112304688e-01
6.014000000000000000e+03 1.244348138570785522e-01
6.020000000000000000e+03 1.162346959114074707e+00
6.034000000000000000e+03 5.268713235855102539e-01
6.038000000000000000e+03 1.207405805587768555e+00
6.044000000000000000e+03 7.569947242736816406e-01
6.050000000000000000e+03 6.799370050430297852e-01
6.051000000000000000e+03 5.389279127120971680e-01
6.053000000000000000e+03 5.941818952560424805e-01
6.056000000000000000e+03 1.169541478157043457e+00
6.058000000000000000e+03 1.006292104721069336e+00
6.059000000000000000e+03 7.164865732192993164e-02
6.062000000000000000e+03 7.269831746816635132e-02
6.063000000000000000e+03 2.577084898948669434e-01
6.072000000000000000e+03 1.394364982843399048e-02
6.078000000000000000e+03 2.058891505002975464e-01
6.093000000000000000e+03 2.401127815246582031e-01
6.100000000000000000e+03 1.131951570510864258e+00
6.114000000000000000e+03 4.907895922660827637e-01
6.115000000000000000e+03 1.711359620094299316e-02
6.122000000000000000e+03 2.416895478963851929e-01
6.143000000000000000e+03 6.620061993598937988e-01
6.167000000000000000e+03 3.742914199829101562e-01
6.172000000000000000e+03 1.095610618591308594e+00
6.179000000000000000e+03 8.689494729042053223e-01
6.180000000000000000e+03 2.039483070373535156e+00
6.181000000000000000e+03 8.096572011709213257e-02
6.187000000000000000e+03 9.283828735351562500e-01
6.188000000000000000e+03 1.313081741333007812e+00
6.190000000000000000e+03 8.748771548271179199e-01
6.196000000000000000e+03 1.274998307228088379e+00
6.198000000000000000e+03 6.303504705429077148e-01
6.200000000000000000e+03 1.503560543060302734e-01
6.205000000000000000e+03 6.476854085922241211e-01
6.210000000000000000e+03 4.185054302215576172e-01
6.213000000000000000e+03 2.344085425138473511e-01
6.216000000000000000e+03 1.671375632286071777e-01
6.224000000000000000e+03 3.042687773704528809e-01
6.230000000000000000e+03 1.531524956226348877e-02
6.231000000000000000e+03 6.059719324111938477e-01
6.235000000000000000e+03 9.178978204727172852e-01
6.236000000000000000e+03 4.925800561904907227e-01
6.243000000000000000e+03 7.140812873840332031e-01
6.257000000000000000e+03 7.790196686983108521e-02
6.268000000000000000e+03 7.782791852951049805e-01
6.275000000000000000e+03 9.011530876159667969e-01
6.278000000000000000e+03 2.642740309238433838e-02
6.283000000000000000e+03 5.610136985778808594e-01
6.285000000000000000e+03 5.885933637619018555e-01
6.292000000000000000e+03 8.459119796752929688e-01
6.297000000000000000e+03 1.867030143737792969e+00
6.298000000000000000e+03 7.161928415298461914e-01
6.301000000000000000e+03 9.248923659324645996e-01
6.313000000000000000e+03 8.592443466186523438e-01
6.314000000000000000e+03 4.272788763046264648e-02
6.323000000000000000e+03 7.177165746688842773e-01
6.326000000000000000e+03 5.156025886535644531e-01
6.346000000000000000e+03 1.478817701339721680e+00
6.347000000000000000e+03 8.375223875045776367e-01
6.348000000000000000e+03 7.236840724945068359e-01
6.349000000000000000e+03 9.239115118980407715e-01
6.353000000000000000e+03 4.939370453357696533e-01
6.355000000000000000e+03 3.191539287567138672e+00
6.357000000000000000e+03 6.767108440399169922e-01
6.361000000000000000e+03 8.536080121994018555e-01
6.373000000000000000e+03 5.658874511718750000e-01
6.376000000000000000e+03 7.784563302993774414e-01
6.385000000000000000e+03 9.501228481531143188e-02
6.398000000000000000e+03 5.979621410369873047e-01
6.399000000000000000e+03 3.030602931976318359e-01
6.401000000000000000e+03 1.135080307722091675e-01
6.410000000000000000e+03 6.338310837745666504e-01
6.412000000000000000e+03 7.379432320594787598e-01
6.435000000000000000e+03 1.825611472129821777e+00
6.438000000000000000e+03 6.087160110473632812e-01
6.442000000000000000e+03 8.911966681480407715e-01
6.445000000000000000e+03 6.634415388107299805e-01
6.454000000000000000e+03 5.548657178878784180e-01
6.455000000000000000e+03 6.704329848289489746e-01
6.457000000000000000e+03 4.945303499698638916e-01
6.475000000000000000e+03 7.670532464981079102e-01
6.476000000000000000e+03 4.335938096046447754e-01
6.478000000000000000e+03 1.009152382612228394e-01
6.484000000000000000e+03 5.737420320510864258e-01
6.498000000000000000e+03 5.657473802566528320e-01
6.505000000000000000e+03 1.571362257003784180e+00
6.511000000000000000e+03 3.335333824157714844e+00
6.513000000000000000e+03 1.953044831752777100e-01
6.516000000000000000e+03 5.229297280311584473e-01
6.520000000000000000e+03 1.331354975700378418e-01
6.529000000000000000e+03 8.536080121994018555e-01
6.532000000000000000e+03 6.931008100509643555e-01
6.536000000000000000e+03 2.618194103240966797e+00
6.552000000000000000e+03 2.622456848621368408e-01
6.555000000000000000e+03 9.274680018424987793e-01
6.559000000000000000e+03 8.656113147735595703e-01
6.565000000000000000e+03 4.282339215278625488e-01
6.572000000000000000e+03 5.870250463485717773e-01
6.580000000000000000e+03 1.254260689020156860e-01
6.581000000000000000e+03 2.897144556045532227e+00
6.588000000000000000e+03 8.634489178657531738e-01
6.591000000000000000e+03 9.501006007194519043e-01
6.595000000000000000e+03 9.302987903356552124e-02
6.600000000000000000e+03 5.124747753143310547e-03
6.610000000000000000e+03 1.309377074241638184e+00
6.616000000000000000e+03 8.589264750480651855e-01
6.619000000000000000e+03 1.661547273397445679e-01
6.626000000000000000e+03 5.498503446578979492e-01
6.638000000000000000e+03 1.605339646339416504e-01
6.641000000000000000e+03 1.720517873764038086e-01
6.644000000000000000e+03 2.707471251487731934e-01
6.654000000000000000e+03 2.503836750984191895e-01
6.658000000000000000e+03 1.671375632286071777e-01
6.661000000000000000e+03 2.703627347946166992e-01
6.664000000000000000e+03 1.526803076267242432e-01
6.676000000000000000e+03 1.164492249488830566e+00
6.686000000000000000e+03 1.154730767011642456e-01
6.687000000000000000e+03 9.433735907077789307e-02
6.700000000000000000e+03 9.036545753479003906e-01
6.701000000000000000e+03 1.503560543060302734e-01
6.705000000000000000e+03 3.081987053155899048e-02
6.711000000000000000e+03 6.217221021652221680e-01
6.712000000000000000e+03 3.897566318511962891e+00
6.714000000000000000e+03 5.528926849365234375e-04
6.717000000000000000e+03 2.963001132011413574e-01
6.725000000000000000e+03 2.000298500061035156e-01
6.729000000000000000e+03 4.420368373394012451e-01
6.732000000000000000e+03 6.784397363662719727e-01
6.741000000000000000e+03 2.869778275489807129e-01
6.747000000000000000e+03 2.940452992916107178e-01
6.770000000000000000e+03 1.023070573806762695e+00
6.773000000000000000e+03 1.219489336013793945e+00
6.774000000000000000e+03 7.677930593490600586e-02
6.783000000000000000e+03 1.067736864089965820e+00
6.785000000000000000e+03 5.749582648277282715e-01
6.803000000000000000e+03 1.023885250091552734e+00
6.805000000000000000e+03 3.079352676868438721e-01
6.807000000000000000e+03 2.403854846954345703e+00
6.814000000000000000e+03 6.813411116600036621e-01
6.824000000000000000e+03 1.426453441381454468e-01
6.825000000000000000e+03 1.298971891403198242e+00
6.829000000000000000e+03 9.878110885620117188e-02
6.832000000000000000e+03 9.358012080192565918e-01
6.833000000000000000e+03 5.736215114593505859e-01
6.843000000000000000e+03 6.115360260009765625e-01
6.846000000000000000e+03 3.832386136054992676e-01
6.851000000000000000e+03 5.611500740051269531e-01
6.852000000000000000e+03 1.133639693260192871e+00
6.853000000000000000e+03 8.931171894073486328e-01
6.859000000000000000e+03 1.871532320976257324e+00
6.873000000000000000e+03 2.068329304456710815e-01
6.874000000000000000e+03 3.786814212799072266e-01
6.885000000000000000e+03 4.553252160549163818e-01
6.890000000000000000e+03 4.548986256122589111e-01
6.902000000000000000e+03 2.097534090280532837e-01
6.910000000000000000e+03 6.890990734100341797e-01
6.917000000000000000e+03 1.455361247062683105e-01
6.919000000000000000e+03 7.841767072677612305e-01
6.921000000000000000e+03 4.581059813499450684e-01
6.928000000000000000e+03 1.113343477249145508e+00
6.929000000000000000e+03 9.098165631294250488e-01
6.938000000000000000e+03 1.152088791131973267e-01
6.958000000000000000e+03 1.867917537689208984e+00
6.960000000000000000e+03 7.159625291824340820e-01
6.964000000000000000e+03 1.551101207733154297e-01
6.966000000000000000e+03 6.183691024780273438e-01
6.973000000000000000e+03 3.708875417709350586e+00
6.974000000000000000e+03 7.617256641387939453e-01
6.976000000000000000e+03 8.565000295639038086e-01
6.982000000000000000e+03 2.409678548574447632e-01
6.992000000000000000e+03 3.227498531341552734e-01
6.996000000000000000e+03 6.267317533493041992e-01
7.008000000000000000e+03 2.745051980018615723e-01
7.014000000000000000e+03 6.874965429306030273e-01
7.016000000000000000e+03 2.683727741241455078e+00
7.017000000000000000e+03 8.597962856292724609e-01
7.022000000000000000e+03 1.044876337051391602e+00
7.025000000000000000e+03 3.676527738571166992e-01
7.030000000000000000e+03 9.153550267219543457e-01
7.032000000000000000e+03 9.214565157890319824e-01
7.036000000000000000e+03 5.858011245727539062e-01
7.038000000000000000e+03 2.055235803127288818e-01
7.040000000000000000e+03 1.998280435800552368e-01
7.044000000000000000e+03 1.443552374839782715e+00
7.045000000000000000e+03 5.380086898803710938e-01
7.068000000000000000e+03 1.451985120773315430e+00
7.069000000000000000e+03 5.842629671096801758e-01
7.075000000000000000e+03 2.418515682220458984e-01
7.084000000000000000e+03 3.876177668571472168e-01
7.092000000000000000e+03 8.504666090011596680e-01
7.104000000000000000e+03 6.016051769256591797e-01
7.106000000000000000e+03 6.994569301605224609e-01
7.113000000000000000e+03 7.882906198501586914e-01
7.117000000000000000e+03 1.068059951066970825e-01
7.118000000000000000e+03 6.129990816116333008e-01
7.119000000000000000e+03 1.135649204254150391e+00
7.134000000000000000e+03 4.659598469734191895e-01
7.138000000000000000e+03 2.095516026020050049e-01
7.147000000000000000e+03 2.788932919502258301e-01
7.151000000000000000e+03 2.989258170127868652e-01
7.158000000000000000e+03 1.736616730690002441e+00
7.160000000000000000e+03 5.761120319366455078e-01
7.161000000000000000e+03 6.051247715950012207e-01
7.163000000000000000e+03 5.717107057571411133e-01
7.166000000000000000e+03 2.713377475738525391e+00
7.168000000000000000e+03 2.573768198490142822e-01
7.173000000000000000e+03 1.167401075363159180e+00
7.179000000000000000e+03 3.210107684135437012e-01
7.186000000000000000e+03 1.718990564346313477e+00
7.191000000000000000e+03 5.471388995647430420e-02
7.202000000000000000e+03 3.440969228744506836e+00
7.206000000000000000e+03 2.818458080291748047e-01
7.211000000000000000e+03 6.216208934783935547e-01
7.229000000000000000e+03 1.612800121307373047e+00
7.233000000000000000e+03 1.513503491878509521e-02
7.238000000000000000e+03 5.494834184646606445e-01
7.250000000000000000e+03 7.363426685333251953e-01
7.260000000000000000e+03 6.620572805404663086e-01
7.263000000000000000e+03 4.762693345546722412e-01
7.264000000000000000e+03 6.867382526397705078e-01
7.268000000000000000e+03 3.687207698822021484e-01
7.290000000000000000e+03 1.399478197097778320e+00
7.296000000000000000e+03 4.599916338920593262e-01
7.299000000000000000e+03 1.613268554210662842e-01
7.323000000000000000e+03 5.501315742731094360e-02
7.337000000000000000e+03 1.145430326461791992e+00
7.338000000000000000e+03 1.590040683746337891e+00
7.342000000000000000e+03 1.017673730850219727e+00
7.350000000000000000e+03 6.767643690109252930e-01
7.351000000000000000e+03 1.811895668506622314e-01
7.358000000000000000e+03 6.718307733535766602e-01
7.360000000000000000e+03 9.186068177223205566e-02
7.361000000000000000e+03 5.210089087486267090e-01
7.364000000000000000e+03 5.910368263721466064e-02
7.368000000000000000e+03 9.914439320564270020e-01
7.378000000000000000e+03 2.497287392616271973e-01
7.408000000000000000e+03 8.217360824346542358e-02
7.419000000000000000e+03 5.274875760078430176e-01
7.420000000000000000e+03 4.773529171943664551e-01
7.430000000000000000e+03 2.417825311422348022e-01
7.437000000000000000e+03 9.201040267944335938e-01
7.438000000000000000e+03 3.508661687374114990e-02
7.442000000000000000e+03 4.097168922424316406e+00
7.456000000000000000e+03 1.295448988676071167e-01
7.461000000000000000e+03 1.083275675773620605e-01
7.470000000000000000e+03 5.210704207420349121e-01
7.477000000000000000e+03 1.742307901382446289e+00
7.496000000000000000e+03 2.393550723791122437e-01
7.503000000000000000e+03 1.298718154430389404e-01
7.504000000000000000e+03 6.745160818099975586e-01
7.506000000000000000e+03 5.579497814178466797e-01
7.513000000000000000e+03 1.083643794059753418e+00
7.525000000000000000e+03 2.453336238861083984e+00
7.528000000000000000e+03 1.061500012874603271e-01
7.536000000000000000e+03 1.574061959981918335e-01
7.538000000000000000e+03 1.969273835420608521e-01
