-1.810260809562775120e+07
1.503790280661111325e+07
5.375638406027536094e+07
1.456036504699392617e+07
7.390475327527413145e+06
-2.244271807356075570e+07
-2.561570196905407589e+06
-6.971501325254036486e+07
4.504998305007482320e+07
-5.438434040236379020e+06
3.364437234373299778e+07
-6.165435980371776968e+06
-3.819244870385923982e+07
6.961955016740495339e+06
-5.004663838078221679e+07
-2.628891198048454523e+07
-2.487507079203794524e+07
2.010304569258236885e+07
2.132215291273377091e+07
8.132822737538477778e+07
4.925811999786847085e+07
-4.218462143056168407e+07
2.451182325808744505e+07
-3.582655980735540390e+07
4.907312979157987237e+07
-2.756689246733428445e+06
1.029528399646980874e+07
8.481188798366727307e+06
-2.683543317310578376e+07
-3.111936407108899206e+07
1.903629507320571318e+07
8.019433229213913903e+06
-2.449595620606288314e+07
3.067004845377390459e+07
-8.904793028785383701e+07
-5.601654855754098296e+07
-4.547490544188176282e+06
5.933146758968206495e+07
1.949932545986989886e+07
-2.871130421930547431e+07
8.128507674991033971e+06
1.075022291724118963e+07
-1.029433653608526587e+08
-3.037068567780552898e+06
6.879501222221784294e+07
8.056212983402004465e+05
-1.401101697194843553e+07
1.271565964182503521e+07
-8.701281955225379765e+07
4.197546259533637017e+07
3.641923758634950966e+07
7.561813533902151510e+06
8.862354438285746146e+05
1.555493550131007098e+07
-2.866401125510446727e+06
2.175634784176710062e+06
2.406022003684172779e+07
-2.289389468104576319e+07
1.525602172684986517e+07
-3.393308646810677648e+07
-7.473723395284091122e+06
-2.722615872407307103e+07
-2.097054800341113284e+07
8.711397452681148425e+06
1.357382948556507193e+07
2.794087008247631602e+06
8.842055256654644385e+06
1.574261015730645135e+07
-3.794947860158374161e+07
1.949932545986989886e+07
-2.628893989137224481e+07
1.434493601895799674e+07
8.543925217609753832e+06
-4.049167458606527001e+07
7.142827598606240004e+06
-7.473723395284091122e+06
-1.028214561136577092e+07
4.841053614994388819e+07
-1.220549787045978010e+07
1.006625555332494713e+07
-7.012086393403370678e+07
1.057188709237297066e+07
-8.904793028785383701e+07
-4.852795996372884512e+07
-1.689946174561316893e+07
6.614988865729828365e+06
-8.185980245747590670e+05
-4.994778450441157073e+07
2.891260273959203437e+07
5.387351185766773298e+06
7.025845809013566002e+06
9.150204341554688290e+06
-3.103832102429959550e+07
-7.006901942533098161e+07
7.329669107820061035e+05
2.226610847478917241e+07
-6.048245875761792995e+05
-1.089719663080903515e+07
-3.203476039773372188e+07
5.293893479915472120e+07
5.214764818615202606e+07
1.823616236667095125e+07
8.096227823244767264e+06
8.795480908559344709e+07
1.075022291724118963e+07
-3.668680149894578755e+07
2.541425193222144991e+07
8.158964056286106817e+06
4.986793993534521759e+07
1.019530442907256074e+07
8.756562594028319418e+07
-1.857526571733639389e+07
9.881891427752006799e+06
-4.153664195978933014e+06
-7.176869255355121568e+06
-1.868992833301896602e+07
-3.195793485932642594e+07
7.573628756114594638e+07
1.762583133458061144e+07
1.533341747033601813e+07
-2.480862736851883307e+07
-3.206172339418441057e+07
1.350723076404360868e+07
-3.442761105598174036e+07
4.641780522482398152e+07
-1.507594879616469704e+07
1.595638607553874329e+07
1.135852220564538613e+06
-5.973065453012578934e+07
-8.216731680094674230e+07
6.513962639119647443e+06
-4.048423540601161867e+07
-2.166905182632803172e+07
-5.128453189261580259e+07
2.425026505766815506e+06
-5.048895494444990903e+07
3.127848997717988119e+07
6.734656546951358207e+06
1.801901074573089182e+07
-2.722615872407307103e+07
1.056383578635131195e+07
-4.058291465102018416e+07
4.110794931452728063e+07
2.915558522995107993e+07
1.674551711818931624e+07
1.528791716130840220e+07
5.293893479915472120e+07
1.506812778112923354e+07
4.750203128494676203e+07
8.582924622515171766e+06
8.216998543428163044e+06
-7.488453174312217161e+06
-1.816212001919264346e+07
3.085466694255377352e+07
-4.140088543631734699e+07
-1.594348816592532583e+07
-4.143029797392033786e+07
2.602981106629749015e+07
-1.974568140109346062e+07
-2.155716487195267528e+07
-5.128477422243721783e+07
2.992238166559810564e+07
-2.640073040967310220e+07
-1.144706771628624946e+07
-7.522092825056665577e+06
4.133234503319423646e+07
-7.401234474304016680e+06
-4.048423540601161867e+07
1.342532776704808883e+07
1.104307397516885251e+08
4.504994408231823891e+07
-1.293372022309247032e+07
-4.226353155441446602e+07
-6.897373646412323415e+07
1.137918027729606926e+08
1.112244705939999968e+08
1.952634230351605266e+07
-7.415018609410924837e+06
8.756572173788167536e+07
-7.361813782879090868e+06
-1.271006150741417147e+07
-1.357751833920639381e+07
9.012125898308752105e+06
1.025279569209873490e+07
8.526013390040136874e+06
-1.209358818945970573e+07
-9.377973659120859206e+07
-1.007324868386291713e+07
-8.431618735956077278e+07
-8.426432586260737479e+07
9.897187736608522013e+06
-1.816212001919264346e+07
1.150651934568482079e+07
8.557333198719963431e+06
-2.966887329388726503e+07
-7.916258117779051885e+06
-3.895848011742681265e+07
4.915945499665699899e+07
5.380490998051890731e+07
-6.808592132389241457e+07
-1.144706774541502446e+07
-4.455050980598527193e+07
8.777177081093925983e+06
-1.924444298336264491e+07
1.579660944875474274e+07
-1.401101697194843553e+07
5.380490998051890731e+07
-2.091061667046535015e+07
-1.625556293746953309e+08
-5.862236947738505155e+07
3.117487659487336501e+07
-2.817101011749277264e+07
-2.393046314645667747e+07
8.925524363052351400e+06
2.091689636144851521e+07
7.372486911651229858e+07
-1.250061571564202197e+07
3.807384482642412186e+07
5.696560124950702488e+07
1.616650940383528173e+07
-8.962713330602036417e+07
1.775067273592629731e+08
