4.452812628582541831e+06
2.785239905383228790e+06
-9.012885253998732194e+06
8.702841520938627422e+06
-2.468287179111311212e+07
-1.590425695555149950e+07
-2.590956675446812529e+06
1.439689600428460725e+07
2.675772621719334275e+06
2.228205995913547464e+06
1.677762960767391138e+06
6.391915824727443978e+06
-2.449950385226776823e+07
-3.353393106141894124e+06
1.691361366487081721e+07
1.816749392222606111e+05
-5.107635013861062936e+06
3.983505803643147927e+06
-2.508406283025138825e+07
8.652941902897594497e+06
9.703971518110642210e+05
-3.829053325162214693e+06
8.376020763788251206e+05
3.061859405500696972e+06
-4.878146812484539114e+05
4.202765912633607164e+06
1.012440548831007443e+06
-7.095703652334365062e+06
7.601663938047887757e+06
-1.370773790069990046e+07
1.692957504583952948e+06
-4.790511866375396028e+06
-1.100243192837443016e+07
1.486440108223433373e+06
-2.323390522779388353e+06
-5.062874094266020693e+06
-3.581749444235874806e+06
3.448847949818159919e+06
-7.221909764538559131e+06
2.675771513970110565e+06
-3.416905220673109405e+06
1.859368589100034209e+06
3.338334748724365141e+06
-3.262557321427084040e+06
7.977125477024095599e+05
1.692957504583952948e+06
-3.472124682673197705e+06
9.761627663160836324e+06
4.345986841798229143e+05
-1.196860853618529625e+06
-1.964956102011872828e+07
5.237443361581844278e+06
-2.468296851035694033e+07
-1.002837576243052073e+07
3.099161618937967345e+06
-1.255041508716184646e+06
-9.554077014828879619e+05
-9.708733216798868030e+06
5.151980065942178480e+06
-2.214188050196527503e+06
1.920642120060193585e+06
6.074266259916706476e+05
-7.473987433393575484e+05
-1.962532981433401629e+07
-3.169079244080333039e+06
5.525142629365633242e+06
-2.673832618214115500e+06
-4.333034605989044067e+05
-5.648966716818079352e+06
1.290423652690874785e+07
1.258080673736040480e+07
4.785774617607967928e+06
2.564529557872027159e+06
2.096271781217734516e+07
6.391915610448519699e+06
-4.702578757237568498e+06
4.248686003991890699e+06
4.574718434862166760e+05
1.188020934273114242e+07
5.067593143744822592e+06
2.197436069334709644e+07
-1.033270386669335887e+07
1.988520967838440847e+05
-3.617616274584517349e+06
-1.293286771702552913e+06
-5.495886361648863181e+06
-6.048862285149928182e+06
1.882848736462787166e+07
5.259576583739791065e+06
2.310051091333409306e+06
-3.800369203660116531e+06
-4.981924965547636151e+06
-2.297135089612463955e+06
-5.611104318289382383e+06
1.757199763723134249e+07
-4.766413766490763053e+06
1.730423280691589694e+06
8.391404607178951846e+05
-1.670355525933706947e+07
-1.488783676427799510e+06
-3.019764309086507652e+06
-7.192015570686459541e+06
-2.082116650231966749e+06
-1.464585871310088038e+07
7.246177640415641945e+05
-1.420996310910986550e+07
5.781159476144243032e+06
9.370146357806226239e+06
3.030421659004165325e+06
-4.790511866375396028e+06
5.658147670287351124e+06
-7.157367209118361585e+06
9.759951995183551684e+06
6.746215107320826501e+06
3.071697324069931172e+06
2.559311230031293817e+06
1.290423652690874785e+07
3.551278384206730872e+06
1.125099850151646696e+07
1.525381001622081501e+06
1.261609003922366071e+06
-2.518579950226823799e+06
-5.837344748907818459e+06
6.918191745288440958e+06
-6.385120930236535147e+06
-3.036856098490963224e+06
-8.140837425421768799e+06
3.614887298012446146e+06
-5.988829691540190019e+06
-2.158546430925962050e+06
-1.464589817015980929e+07
2.094008962350750808e+06
-3.340513549451292958e+06
-5.004259707673490979e+06
5.576917341121593490e+06
1.044545612942689843e+07
-9.204834724217525218e+05
-7.192015570686459541e+06
1.724015630011559930e+06
2.693992172446408495e+07
1.069324023692509718e+07
-6.560661860376050463e+05
-1.666504813382209651e+07
-1.076359466453129984e+07
2.588795639260169119e+07
2.826619262441507727e+07
4.407223388468093472e+05
5.656460686992496485e+05
2.197438424370189011e+07
1.616496368283972843e+06
-4.137234412280224729e+06
-9.524009382341034710e+06
1.461708362970214337e+06
6.687454075875023846e+05
2.813633226053013466e+06
3.581374847794680391e+05
-2.594135520990244299e+07
-8.529871949563313276e+06
-2.342463749965862185e+07
-2.340044024041810632e+07
-2.112368975828493014e+06
-5.837344748907818459e+06
2.359422807996710297e+06
0.000000000000000000e+00
-2.831307369596052542e+07
0.000000000000000000e+00
-9.437691231986841187e+06
0.000000000000000000e+00
9.437691231986841187e+06
0.000000000000000000e+00
0.000000000000000000e+00
-9.437691231986841187e+06
0.000000000000000000e+00
-1.415653684798026271e+07
9.437691231986841187e+06
0.000000000000000000e+00
1.887538246397368237e+07
0.000000000000000000e+00
-3.775076492794736475e+07
0.000000000000000000e+00
0.000000000000000000e+00
0.000000000000000000e+00
0.000000000000000000e+00
-2.949278509995887871e+05
0.000000000000000000e+00
0.000000000000000000e+00
0.000000000000000000e+00
0.000000000000000000e+00
0.000000000000000000e+00
-4.718845615993420593e+06
0.000000000000000000e+00
0.000000000000000000e+00
