-8.382574441152355867e+05
4.179167898117327131e+05
3.948736604383180966e+05
-8.467745030232355930e+05
3.162978659337086137e+05
9.118066891774302348e+04
-1.170874838556258008e+06
1.788025147268743487e+06
-1.741030308740760665e+05
-5.723851703312117606e+05
-4.048298339318300597e+06
9.365101330462751212e+05
-5.109429980758915655e+06
-1.937700977056611795e+06
4.880178893830809393e+05
-1.583490448150573648e+05
-6.403075715214123484e+05
-2.296345049698312767e+06
9.215292722067285795e+05
-3.651589284028670518e+05
6.141874402931407094e+05
3.551396367060728371e+05
-3.078052182506665122e+05
-4.047765289194830693e+06
-3.935423890907826135e+05
1.109990333895392949e+06
-7.323390392298145453e+05
-2.495103642286757531e+05
-1.009222513981570490e+06
3.042354982683667913e+06
2.693830117980826646e+06
7.802336762663692934e+05
-7.109546284543938236e+05
4.237562859424064867e+06
1.390139755512408447e+06
-3.593054794290142017e+05
7.183401322614442324e+05
-2.693001213784556021e+05
2.563274053884494118e+06
8.672009540043014567e+05
4.684479658897656947e+06
-2.270051509097050410e+06
-1.448532011864490923e+05
-9.312961619086613646e+05
-4.571366305347539601e+05
-1.414842779253975954e+06
-1.446892314061847748e+06
4.021264888043840416e+06
9.309848141776117263e+05
3.804655901194485486e+05
-6.092379931595749222e+05
-9.990560138954307185e+05
-9.238884760808420833e+05
-1.131697888757695910e+06
3.712058763906038832e+06
-1.446587849915644387e+06
1.961541241520034673e+05
1.081010553030622395e+04
0.000000000000000000e+00
-7.958512841681711376e+06
-9.948141052102139220e+05
-3.979256420840855688e+06
0.000000000000000000e+00
0.000000000000000000e+00
-2.487035263025534805e+05
-3.979256420840855688e+06
1.989628210420427844e+06
-5.968884631261283532e+06
0.000000000000000000e+00
-9.948141052102139220e+05
0.000000000000000000e+00
-3.979256420840855688e+06
3.979256420840855688e+06
0.000000000000000000e+00
0.000000000000000000e+00
-4.974070526051069610e+05
0.000000000000000000e+00
0.000000000000000000e+00
0.000000000000000000e+00
0.000000000000000000e+00
2.487035263025534805e+05
-9.948141052102139220e+05
0.000000000000000000e+00
3.979256420840855688e+06
-1.989628210420427844e+06
-1.989628210420427844e+06
-3.979256420840855688e+06
-9.948141052102139220e+05
0.000000000000000000e+00
-3.979256420840855688e+06
0.000000000000000000e+00
2.984442315630641766e+06
0.000000000000000000e+00
0.000000000000000000e+00
0.000000000000000000e+00
1.989628210420427844e+06
-4.974070526051069610e+05
-3.979256420840855688e+06
9.948141052102139220e+05
5.968884631261283532e+06
3.979256420840855688e+06
-1.989628210420427844e+06
0.000000000000000000e+00
-3.979256420840855688e+06
0.000000000000000000e+00
3.979256420840855688e+06
9.948141052102139220e+05
-1.989628210420427844e+06
7.958512841681711376e+06
-3.979256420840855688e+06
-3.979256420840855688e+06
-1.989628210420427844e+06
3.730552894538302207e+05
-1.243517631512767402e+05
0.000000000000000000e+00
-3.979256420840855688e+06
0.000000000000000000e+00
-1.989628210420427844e+06
-3.979256420840855688e+06
-3.979256420840855688e+06
-9.948141052102139220e+05
0.000000000000000000e+00
-1.421009336721961736e+05
-3.147432413058571401e+05
-8.765806339571004501e+05
-1.038233159540991765e+06
-1.396704023846828612e+06
1.446867654264227487e+06
2.310036495438884944e+06
-2.848547135634555481e+06
3.353512508082805434e+05
-3.729092033698237035e+06
1.025130097283259616e+06
-7.241966088013777044e+05
1.867453132308008207e+05
-1.018056671981184511e+06
2.310036495438884944e+06
-1.952162534667237196e+05
-4.546010643711585552e+06
-2.317979562507235911e+06
1.048923759788842872e+06
-1.489286276147573488e+06
8.171966587686119601e+04
-3.340049427184135129e+04
1.682894392144649755e+06
5.110458970967021771e+06
0.000000000000000000e+00
0.000000000000000000e+00
0.000000000000000000e+00
-9.948141052102139220e+05
0.000000000000000000e+00
0.000000000000000000e+00
