2.319525302151479721e+10
-2.548712545865050888e+10
-6.755191271668961048e+08
-3.059483772631032944e+10
7.657970828215136528e+08
-3.671411187313351631e+09
-1.180041958444421053e+09
1.417688651210948467e+09
1.961649621417003632e+10
-5.432435657398551941e+09
-3.826096942520915222e+10
-2.793025881519589233e+10
8.203420232275240898e+09
-2.679873744355009079e+10
-5.195268619890231133e+09
-2.002538251520829201e+08
1.317944253895785332e+09
5.056212233397599792e+10
0.000000000000000000e+00
0.000000000000000000e+00
0.000000000000000000e+00
-1.049897962118869019e+10
0.000000000000000000e+00
0.000000000000000000e+00
