7.569940543987605721e+06
-4.928828769045293331e+07
1.737198791233239323e+07
3.395700797577594221e+07
1.039714683178089932e+07
-1.068581521531784534e+07
1.780069824709217623e+07
-2.359894122209268436e+07
3.343945578491962701e+07
1.840889059222793579e+07
5.228930232967662625e+06
3.419580370898276567e+06
4.382685901507891715e+07
1.531315649229636416e+07
3.225595834786555544e+07
2.628953589481318370e+06
4.983713399497995153e+06
-6.532538655762941577e+06
-2.317094808693162724e+07
1.767154791821857169e+07
-1.486089331094693579e+07
-2.089972208997980691e+06
-2.792471677695963532e+07
1.432584009928170219e+07
-2.232286617255073413e+07
-6.998069392561970279e+06
-5.227699503076988459e+07
7.053023316925321706e+06
-1.118629746934064291e+07
-9.306270157786896452e+06
2.147503105216816068e+07
3.804255664467323571e+07
-3.555062097054972779e+06
-2.363009298018596321e+07
3.004247482177603059e+06
8.698818456398338079e+07
3.014559231016973034e+07
-2.947216049333542585e+06
-6.133476371838536114e+07
-3.257103093965743110e+07
8.206831479509800673e+07
8.835996413283386827e+07
7.800007914252274670e+06
7.122428488834116608e+06
6.757009456026954949e+07
5.475923903402414173e+06
-1.608205626747129485e+07
-3.137799888254919648e+07
5.598251573563219979e+06
3.140963377106964123e+06
1.089024628788081929e+07
1.317921355782731902e+06
-8.966777981203143299e+07
-2.822370839783968031e+07
-8.135177512361948192e+07
-8.135616567717725039e+07
-4.236332017340469174e+05
-2.317094808693162724e+07
-5.206063104514933191e+06
-7.727206375286752358e+06
-1.752656474192731827e+07
-1.192784897002593800e+07
-2.581622872111488506e+07
1.458520113453485817e+07
3.715280159770146012e+07
-5.917521215889232606e+07
-9.306270642119802535e+06
-6.344426525543000549e+07
1.853152439774833247e+07
-3.272587336908587255e+06
3.884620120586719364e+06
-2.179808904411168024e+07
3.715280159770146012e+07
-1.762227485774927959e+07
-6.513217686586809903e+07
-5.085920864160025120e+07
1.739812616204737127e+07
-4.261227408748622984e+07
6.932350359970923513e+06
-3.334017506781235803e+06
3.039381509640185907e+07
6.553777075131218135e+07
0.000000000000000000e+00
0.000000000000000000e+00
0.000000000000000000e+00
-1.559250862525800429e+07
0.000000000000000000e+00
0.000000000000000000e+00
